-,-,-
-161.5, 320.0, -1035.2
-198.6, 455.6, -943.5
-154.7, 395.1, -900.5
-132.2, 386.4, -953.2
-136.2, 421.0, -942.0
-140.5, 249.8, -860.1
-144.4, 228.8, -932.3
-174.7, 221.5, -1021.0
-129.3, 188.8, -926.9
-129.3, 142.4, -953.2
-116.6, 151.7, -958.1
-103.5, 122.0, -964.5
-65.9, 89.8, -968.4
-29.8, 70.7, -978.1
-8.3, 89.8, -979.1
-24.9, 151.2, -921.5
-44.4, 169.8, -937.1
-86.9, 130.3, -967.4
-16.6, 90.7, -976.2
22.0, 50.2, -1012.3
-33.7, 3.4, -994.7
-16.6, 120.0, -949.8
-33.2, 25.4, -1054.7
-67.3, -12.2, -941.0
-23.4, -87.3, -993.2
-93.7, -88.3, -976.7
-89.8, -106.8, -996.2
-74.7, -51.7, -1006.9
-64.4, -70.2, -986.9
-35.6, -75.1, -986.9
-14.6, -79.0, -1011.3
-26.8, -76.1, -1035.2
-52.2, -68.8, -1064.9
-90.8, -6.8, -1052.3
-144.0, 48.3, -1066.4
-4.9, 119.5, -875.2
39.0, 31.2, -909.8
50.8, 8.3, -1098.6
27.8, 124.9, -1053.2
-47.8, 134.2, -910.8
-77.1, 170.7, -1085.0
-27.8, 191.2, -1104.5
1.5, 243.9, -1014.7
-36.6, 308.8, -986.9
-63.9, 429.8, -959.1
-83.4, 348.3, -971.3
-175.7, 340.0, -948.4
-190.3, 214.2, -929.3
-189.3, 172.2, -961.5
-210.3, 147.8, -998.6
-179.6, 122.9, -969.8
-166.9, 97.1, -928.8
-160.6, 100.5, -949.8
-156.6, 122.4, -970.3
-148.8, 122.0, -934.2
-184.5, 146.8, -923.0
-203.5, 170.7, -911.8
-185.0, 182.9, -885.4
-109.3, 210.7, -889.8
-70.3, 223.9, -907.4
-34.6, 248.3, -926.4
15.1, 191.7, -954.7
78.1, 201.5, -941.0
66.4, 185.4, -946.9
33.7, 166.4, -950.3
81.0, 102.0, -945.4
201.5, 208.8, -879.6
250.8, 174.2, -1033.2
204.0, 110.3, -1018.1
252.8, 243.4, -971.3
236.2, 107.3, -1051.8
285.0, 42.4, -1000.1
175.2, -18.5, -1055.2
197.2, -25.9, -1004.9
163.0, -30.2, -1033.7
158.1, -23.9, -1034.7
177.1, -44.9, -1043.5
194.7, 13.2, -1010.3
209.4, 93.7, -1011.3
236.2, 93.7, -995.7
237.7, 106.3, -967.9
225.9, 120.5, -1003.0
172.8, 145.9, -992.3
127.4, 160.5, -996.7
103.9, 157.6, -989.3
109.8, 136.6, -990.8
93.2, 117.6, -987.9
84.9, 93.2, -991.3
74.7, 58.1, -985.4
57.6, 34.6, -986.4
40.0, 7.3, -994.2
-24.4, -57.6, -996.7
-17.1, -29.3, -1014.2
-37.6, 49.3, -1014.2
-16.6, 146.8, -917.6
40.5, 41.5, -827.4
34.6, 29.8, -1142.0
-11.7, 197.6, -927.4
39.0, 140.5, -972.7
-22.4, 175.6, -961.0
-70.3, 202.0, -864.9
-43.4, 317.6, -942.0
-9.8, 290.3, -918.1
-46.4, 343.4, -914.2
-80.5, 373.7, -937.6
-98.1, 385.4, -916.6
-100.0, 355.6, -943.0
-106.4, 297.1, -946.4
-112.2, 306.8, -958.6
-90.3, 312.7, -983.5
-13.2, 316.6, -919.1
-22.4, 277.1, -914.2
-8.3, 232.2, -995.2
12.7, 217.1, -1012.8
44.9, 217.6, -944.0
75.6, 207.8, -1031.8
50.8, 161.5, -1004.9
14.6, 137.6, -956.2
13.7, 187.8, -883.0
-21.0, 51.2, -1125.0
-,-,-
46.8, 269.8, -847.4
58.6, 131.2, -978.1
104.4, 59.5, -952.3
-48.8, 51.7, -978.1
19.0, 42.9, -1025.9
-10.2, 12.2, -971.3
2.4, -46.8, -1002.5
-18.5, -26.3, -972.7
-45.9, 16.6, -992.7
-33.2, 30.7, -1004.0
-24.4, 74.2, -1013.2
0.0, 83.4, -1009.8
26.4, 102.4, -995.2
50.8, 113.7, -976.7
59.5, 128.3, -993.7
58.1, 119.0, -1014.2
45.9, 108.8, -1024.5
45.4, 78.1, -1018.1
55.6, 35.1, -1018.1
43.4, 23.9, -1006.4
55.6, 11.7, -988.8
9.8, -4.4, -1020.6
27.8, 5.4, -1013.7
-31.7, 35.1, -997.1
-25.4, 90.2, -950.8
-30.7, 121.0, -942.5
-33.2, 112.7, -919.6
-52.7, 224.4, -1063.5
10.2, 236.1, -947.9
39.0, 215.1, -968.4
-9.3, 403.4, -925.9
31.7, 281.0, -977.6
72.7, 427.8, -980.1
36.1, 460.5, -937.1
36.6, 443.9, -974.7
50.8, 397.6, -935.7
37.6, 334.2, -995.7
21.5, 305.4, -1044.5
20.0, 301.0, -946.4
41.0, 279.5, -953.2
2.0, 261.0, -967.9
-14.6, 240.5, -968.8
14.2, 193.2, -956.2
55.1, 143.9, -954.2
44.9, 158.1, -951.8
-49.8, 221.0, -956.2
14.2, 230.3, -974.7
29.8, 237.1, -961.5
2.0, 201.5, -1007.9
41.5, 150.3, -956.6
40.5, 82.4, -936.2
19.0, -49.3, -973.7
22.9, -29.8, -996.2
41.0, -108.3, -1093.2
-9.3, 4.9, -955.7
-45.4, 54.6, -994.2
-28.3, 65.4, -981.5
-28.3, 42.4, -988.8
-46.8, 109.3, -974.2
-42.0, 130.7, -964.5
-30.3, 141.5, -956.6
-43.9, 153.7, -946.9
-44.9, 161.0, -956.6
-44.4, 152.2, -963.5
-22.0, 107.8, -982.0
-7.3, 71.7, -1003.0
15.6, 2.4, -1024.0
0.0, -25.4, -1015.7
-5.4, -60.0, -1051.3
-38.1, -27.8, -993.2
-51.2, -29.8, -981.5
-53.7, -30.7, -980.6
-61.5, -10.2, -990.3
-90.8, -23.4, -986.9
-31.2, 47.3, -921.0
-103.0, 53.7, -1038.1
-82.5, 246.8, -891.8
27.3, 180.0, -999.6
2.4, 271.2, -873.7
-8.8, 259.5, -1000.1
26.8, 320.5, -1041.0
26.4, 327.3, -984.5
2.0, 371.2, -1014.2
-11.7, 439.5, -961.0
22.0, 463.0, -999.1
17.6, 451.7, -914.7
12.7, 397.1, -898.6
-6.3, 364.4, -1025.4
-2.9, 361.0, -977.1
-4.4, 311.7, -943.0
-30.7, 311.7, -947.4
-35.1, 227.8, -950.8
-47.3, 147.3, -958.1
-39.5, 122.9, -947.9
-40.5, 252.2, -854.7
-59.5, 76.6, -1062.0
-46.8, 138.1, -940.1
-8.3, 230.3, -797.6
-3.9, 184.4, -968.8
73.7, 177.1, -1076.2
70.8, 177.6, -939.6
0.0, 15.1, -953.7
5.4, -74.6, -994.2
41.5, -67.8, -947.9
-7.3, -52.7, -1001.5
13.7, 27.3, -1017.1
17.6, -8.8, -1102.5
40.0, -11.2, -983.5
16.6, 5.9, -1034.7
50.3, 102.0, -1029.3
41.5, 100.0, -993.2
41.0, 47.3, -1012.3
31.7, 33.2, -1044.9
34.6, 53.2, -1045.9
26.8, 59.5, -995.2
32.7, 83.9, -980.6
22.0, 81.0, -950.8
-21.0, 88.8, -973.7
-17.6, 86.3, -970.3
-8.3, 59.5, -995.7
-,-,-
-42.5, 192.2, -908.8
27.8, 135.1, -961.5
-21.0, 71.2, -1053.2
42.5, 212.7, -1107.9
18.1, 201.5, -977.6
27.3, 159.0, -1002.0
26.4, 278.6, -1015.2
5.9, 207.3, -1001.5
118.6, 319.5, -1030.8
81.5, 316.1, -962.0
85.4, 295.1, -973.2
59.0, 285.9, -973.2
43.4, 331.2, -971.3
12.7, 333.2, -904.9
2.0, 320.0, -956.2
-25.9, 297.1, -936.6
-73.2, 289.3, -930.3
-62.5, 297.1, -963.5
-10.2, 290.8, -992.3
17.1, 274.7, -969.3
24.9, 278.6, -946.9
3.4, 290.8, -902.0
-61.0, 273.7, -969.8
-33.7, 247.8, -982.5
-15.6, 232.7, -933.2
-56.1, 204.4, -974.2
-107.4, 163.4, -953.2
-42.5, 90.7, -924.9
-42.0, 198.5, -944.0
-26.8, 126.8, -1038.6
-72.7, 131.2, -953.7
-42.0, 65.4, -931.3
-66.4, 10.7, -989.8
-114.2, -15.1, -1005.9
-88.3, -41.5, -985.4
-95.2, -101.0, -1030.8
-96.6, -88.8, -1007.9
-88.8, 23.4, -986.9
-102.5, 31.7, -950.8
-95.2, 5.9, -932.7
-95.2, 26.3, -953.7
-101.0, 11.2, -996.7
-77.6, -5.9, -1010.3
-98.6, -39.0, -1023.0
-126.4, -26.3, -1009.3
-146.4, -22.0, -975.2
-161.0, -40.0, -994.7
-174.7, 80.0, -983.5
-193.7, 49.8, -843.5
-176.2, -71.2, -1015.7
-223.5, 95.1, -972.3
-161.5, 162.4, -1024.0
-134.2, 169.8, -855.7
-171.8, 206.4, -1094.2
-57.1, 267.3, -1011.3
-14.2, 262.0, -959.1
-25.9, 357.1, -961.0
56.1, 399.5, -1047.4
2.9, 483.9, -978.1
1.5, 488.8, -955.2
-23.9, 371.2, -955.7
-51.7, 310.8, -978.1
-118.6, 311.2, -991.8
-136.2, 285.4, -984.5
-122.5, 244.4, -963.5
-146.4, 239.0, -944.9
-145.4, 232.7, -968.8
-126.9, 210.3, -930.3
-106.9, 206.8, -907.9
-90.3, 192.7, -909.3
-93.7, 165.9, -877.6
-103.5, 203.9, -880.5
-140.5, 146.8, -979.1
-134.2, 137.1, -932.7
-142.0, 75.6, -1026.4
-121.5, 88.3, -948.8
-74.2, 53.7, -933.2
-140.1, 78.5, -906.9
-118.1, 134.2, -935.7
-66.4, 87.3, -989.3
-45.4, 62.9, -935.7
-58.6, 25.9, -953.2
-34.6, -58.5, -1011.3
-40.5, -83.9, -987.4
-39.0, -63.4, -1039.6
-11.2, -83.4, -1022.5
11.2, -88.3, -1015.2
36.6, -99.0, -1041.5
32.7, -84.9, -1024.9
12.2, -62.0, -1059.6
-20.5, 58.5, -1012.3
-23.4, 34.6, -902.5
-18.5, -4.4, -1062.5
-13.2, 91.2, -901.5
-78.6, 92.2, -1143.5
-10.2, 306.4, -900.1
42.0, 190.7, -926.4
-56.1, 263.4, -1050.3
-74.2, 408.3, -842.0
46.8, 290.3, -985.9
39.0, 281.0, -1006.9
-3.9, 349.8, -999.6
-12.2, 419.5, -961.5
23.9, 418.6, -954.2
-11.7, 343.9, -933.7
-40.0, 311.7, -970.8
-37.6, 274.2, -990.8
-40.5, 259.5, -971.8
-49.3, 242.0, -962.0
-24.9, 229.3, -938.6
-12.2, 203.9, -986.4
-44.4, 164.9, -952.3
-71.7, 147.8, -963.5
-75.6, 131.2, -906.4
-79.1, 108.3, -909.8
-94.7, 104.4, -925.9
-69.3, 161.5, -867.4
-38.1, 148.8, -982.0
-48.3, 106.8, -972.3
-42.0, 141.5, -923.5
-,-,-
-7.8, 184.4, -935.2
82.5, 121.5, -1008.4
92.7, 120.5, -913.7
43.4, 95.1, -962.0
68.8, 51.7, -1055.2
86.4, 77.1, -1013.2
70.3, 92.7, -1001.0
160.6, -244.9, -1259.6
90.8, 121.0, -882.0
138.6, -70.2, -1061.5
130.8, 41.5, -1019.1
87.8, 78.1, -1007.4
112.2, 52.7, -999.6
129.8, 15.6, -1009.3
116.1, 21.5, -998.1
143.0, 3.9, -1047.4
119.6, 19.5, -1020.6
110.8, 15.1, -1037.6
64.4, 28.3, -1042.5
50.8, 39.0, -1009.8
68.8, 100.0, -1026.9
31.2, 184.9, -1009.3
76.1, 192.7, -940.1
87.4, 137.1, -1034.2
95.2, 231.7, -964.5
106.4, 214.2, -928.4
94.2, 168.3, -1025.4
111.3, 321.5, -988.4
64.4, 308.8, -914.7
44.9, 273.2, -943.5
37.6, 318.1, -996.2
3.9, 319.5, -950.8
3.9, 306.4, -984.5
-11.7, 305.4, -998.1
-29.3, 280.5, -949.3
-19.0, 255.1, -957.1
-20.0, 260.0, -963.5
5.4, 279.5, -938.6
-16.1, 300.0, -918.6
-78.6, 288.3, -895.2
-8.8, 238.6, -967.4
-33.7, 175.1, -930.3
-24.9, 95.1, -939.6
-77.6, 120.0, -916.6
-49.3, 102.9, -948.4
-52.7, 95.1, -938.1
-57.6, 143.9, -892.7
-138.6, 232.2, -932.7
-183.5, 188.3, -1008.4
-115.2, 143.4, -992.7
-68.8, 73.7, -912.3
-30.3, 83.9, -933.2
-63.0, 70.2, -972.7
-65.9, 58.1, -1033.7
-31.2, 116.1, -956.2
-4.4, 109.3, -1022.0
-36.1, 116.6, -1021.0
-107.8, 139.0, -979.6
-114.2, 120.0, -1017.1
-117.1, 103.9, -1024.9
-106.9, 42.9, -1003.0
-88.3, 28.3, -966.4
-75.2, 4.9, -987.4
-96.1, 43.4, -954.2
-120.5, 72.2, -966.9
-117.1, 54.6, -984.5
-123.5, 20.5, -993.7
-107.4, -11.7, -1009.3
-97.1, -43.4, -1024.5
-103.5, -79.0, -1040.1
-61.0, -103.4, -1045.4
-69.3, -82.4, -1032.3
-110.3, -8.8, -990.8
-78.1, 101.0, -1029.3
-48.8, 125.9, -847.4
-99.6, 124.4, -1097.1
-74.7, 262.5, -875.2
-54.7, 261.0, -1123.5
-83.4, 327.8, -907.9
14.6, 294.7, -941.5
-155.2, 384.9, -962.0
-89.3, 436.1, -884.9
-81.0, 343.9, -905.9
-103.0, 316.6, -973.2
-149.3, 148.3, -978.6
-177.6, 145.4, -981.0
-196.7, 136.1, -969.3
-206.9, 131.2, -958.6
-227.4, 143.9, -949.3
-223.0, 155.1, -951.8
-212.8, 172.2, -951.8
-197.2, 177.1, -945.4
-168.8, 182.9, -964.5
-130.3, 186.4, -952.7
-120.0, 178.1, -979.1
-128.8, 170.7, -958.6
-124.0, 219.5, -935.2
-166.9, 256.1, -910.8
-172.8, 262.9, -944.0
-104.4, 228.8, -938.6
-124.0, 178.1, -911.3
-129.8, 195.6, -896.2
-159.1, 103.9, -1000.1
-83.4, 165.9, -858.6
-69.8, 139.0, -916.6
-73.7, 67.3, -1028.4
-87.4, 83.4, -1074.7
-127.4, 127.8, -877.6
-68.3, 93.7, -923.5
-118.6, 42.0, -983.5
-63.9, -10.2, -1030.8
-77.6, -51.7, -1026.4
-110.3, -38.1, -988.4
-82.0, -24.4, -1013.2
-55.6, 27.3, -987.4
-54.2, 88.3, -999.6
5.9, 97.6, -1006.4
35.1, 118.5, -990.8
55.6, 159.0, -994.7
73.7, 177.6, -1000.1
-,-,-
75.6, 198.5, -994.2
87.4, 199.0, -1000.1
107.4, 172.7, -999.1
111.8, 144.4, -1024.0
111.3, 113.2, -1033.2
111.8, 91.2, -1037.1
85.9, 63.9, -1052.3
59.0, 54.6, -1057.1
36.1, 23.4, -1061.0
23.4, 18.0, -1027.9
-11.7, 12.2, -984.9
-27.3, 43.9, -1005.9
-94.2, 125.9, -981.5
-83.4, 90.7, -923.5
-95.2, -23.9, -1015.7
-156.2, 123.4, -1025.9
-107.4, 118.5, -966.4
-50.8, 156.1, -978.1
-80.5, 146.8, -890.8
-97.1, 162.0, -934.7
-116.1, 202.5, -926.9
-110.3, 239.5, -961.5
-125.4, 340.5, -954.7
-139.1, 332.2, -960.1
-117.6, 338.1, -990.8
-115.7, 377.1, -988.8
-119.1, 410.3, -950.3
-83.9, 362.0, -877.6
-87.4, 335.6, -925.4
-107.4, 319.0, -977.1
-99.1, 277.6, -903.5
-96.1, 215.6, -923.5
-167.9, 164.9, -967.4
-164.0, 166.4, -926.9
-146.4, 142.4, -941.0
-60.5, 125.9, -953.7
-140.1, 162.0, -880.1
-143.5, 173.2, -979.1
-212.3, 91.2, -1001.5
-24.4, 152.2, -864.4
-120.5, 123.9, -985.4
-62.5, 189.3, -988.4
-66.4, 162.4, -1050.8
-55.6, 116.1, -932.7
-48.3, 73.2, -945.9
-83.9, 124.9, -923.0
-54.7, 43.9, -967.4
-19.5, -42.0, -944.9
-97.6, -73.7, -1058.1
-86.4, -28.3, -1045.4
-79.5, -30.2, -1037.1
-73.7, 91.2, -958.1
-50.3, 85.4, -973.2
-31.7, 156.6, -969.8
9.8, 139.0, -981.0
40.0, 137.1, -994.7
57.6, 132.2, -1023.0
74.2, 145.4, -1004.0
86.9, 126.8, -1000.1
83.4, 104.9, -1001.5
78.1, 93.7, -1007.9
64.4, 60.5, -1036.2
56.6, 62.4, -1032.8
28.8, 5.9, -1053.2
39.5, 5.4, -1025.4
44.9, 3.9, -991.8
43.9, 10.7, -974.2
0.5, 59.5, -1049.8
-13.7, 170.7, -910.8
-22.4, 74.2, -907.4
-37.6, 67.3, -1115.7
-66.4, 162.4, -1068.9
29.8, 277.6, -903.0
-37.6, 301.5, -904.5
-5.9, 278.1, -1027.4
40.5, 334.2, -1035.2
111.3, 375.6, -993.7
89.3, 340.5, -1006.4
97.1, 342.0, -966.4
58.1, 295.6, -981.0
20.5, 280.0, -954.7
-55.6, 245.4, -953.2
-131.8, 233.2, -956.2
-177.1, 219.0, -945.9
-193.2, 207.8, -940.6
-189.3, 197.1, -928.8
-174.7, 167.3, -921.5
-151.8, 157.6, -930.8
-136.6, 169.3, -930.3
-151.3, 173.7, -936.6
-155.7, 168.8, -941.5
-150.8, 166.8, -945.4
-137.1, 163.9, -945.4
-140.1, 161.5, -928.8
-220.1, 146.8, -900.1
-175.7, 42.0, -903.5
-275.7, 39.0, -859.6
-277.2, 27.3, -969.3
-245.0, 67.3, -928.8
-173.7, 11.7, -973.7
-129.3, 37.1, -917.6
-170.3, 11.2, -941.5
-175.7, -3.9, -960.1
-181.0, -7.3, -979.1
-137.1, 63.9, -1002.5
-102.5, 64.4, -1002.5
-51.2, 53.2, -1011.8
-15.1, 18.5, -1036.2
-35.1, 8.3, -1026.4
-44.9, -15.6, -1042.5
-43.9, -69.3, -1072.8
-59.5, -47.8, -1032.8
-47.8, 2.0, -989.8
-83.0, 78.1, -963.0
-68.3, 105.4, -986.4
-61.5, 161.0, -933.7
-82.0, 135.6, -920.5
-75.6, 255.6, -1067.9
-77.1, 373.7, -889.8
-37.1, 310.3, -940.1
-,-,-
-4.4, 410.8, -1031.3
46.8, 517.1, -965.4
45.4, 508.8, -973.7
131.3, 441.0, -983.0
194.2, 385.9, -1023.0
133.2, 357.1, -1027.4
63.0, 343.9, -1027.9
49.3, 312.2, -984.5
71.2, 263.4, -978.6
84.4, 207.3, -948.4
83.0, 161.5, -939.1
136.2, 146.4, -898.1
158.6, 152.2, -969.3
135.2, 171.2, -976.7
103.5, 174.2, -954.7
101.5, 198.5, -986.4
42.0, 244.4, -936.6
32.2, 259.5, -944.0
14.6, 255.6, -929.3
57.1, 270.3, -906.9
123.0, 251.7, -1029.3
40.5, 289.3, -923.5
38.6, 268.8, -879.1
106.9, 224.4, -890.8
113.7, 145.4, -1012.8
83.9, 145.4, -913.7
64.9, -104.4, -986.4
136.6, -110.7, -891.8
87.4, -57.1, -1105.0
106.4, -76.6, -1101.5
156.2, -60.5, -986.9
147.9, -40.0, -997.6
187.9, 32.7, -991.8
232.8, 60.5, -1013.7
209.4, 3.4, -995.7
212.3, -0.5, -1010.8
179.6, 5.4, -1054.2
182.0, 43.9, -1032.3
150.8, 94.2, -1000.6
134.7, 77.6, -985.9
144.9, 78.1, -954.2
111.3, 60.0, -983.0
62.0, 129.8, -1002.0
114.2, 215.6, -918.6
133.2, 204.9, -812.7
35.1, 78.5, -1002.5
2.0, 131.7, -1016.2
62.0, 267.8, -984.5
33.2, 278.6, -847.9
79.5, 282.0, -946.9
103.5, 283.9, -902.5
126.9, 305.4, -1021.0
74.7, 375.6, -925.4
109.3, 367.3, -965.9
117.6, 379.0, -944.9
129.3, 363.4, -940.1
65.9, 318.1, -930.3
51.7, 316.6, -960.1
42.5, 292.7, -949.8
45.4, 273.2, -890.8
9.3, 245.4, -925.9
-9.8, 236.1, -944.9
21.5, 230.7, -943.0
51.7, 221.0, -955.7
66.4, 214.2, -955.2
69.8, 191.7, -948.4
79.5, 171.2, -917.1
69.3, 174.6, -926.4
38.6, 215.6, -902.5
50.8, 167.3, -985.9
95.6, 93.7, -1004.5
138.1, 170.3, -903.0
112.7, 75.1, -1026.9
191.3, 57.6, -988.8
200.6, -10.2, -946.9
203.5, -134.2, -1031.3
164.0, -110.3, -1037.1
161.5, 22.4, -1019.1
209.8, 3.4, -981.5
211.8, 26.3, -969.3
212.8, 22.0, -991.3
217.6, 34.1, -1019.1
221.1, 39.5, -1038.6
232.3, -6.3, -1022.5
178.1, -19.0, -1010.3
175.7, -1.0, -1006.4
118.1, 203.9, -958.1
172.3, 249.8, -816.2
150.3, 64.9, -854.7
81.5, 46.3, -1148.4
143.0, 244.4, -925.9
84.9, 244.4, -898.1
57.1, 245.4, -974.7
159.6, 165.4, -1029.3
143.0, 223.9, -973.7
85.4, 369.8, -901.5
208.4, 339.0, -949.8
124.9, 390.3, -964.5
106.9, 417.6, -972.3
154.2, 423.9, -987.4
147.4, 454.2, -949.8
144.4, 389.3, -891.3
114.2, 348.3, -908.8
44.4, 342.0, -945.9
49.8, 309.8, -957.1
47.8, 262.5, -926.4
29.8, 247.3, -916.2
38.1, 207.3, -976.2
47.8, 201.0, -975.2
109.3, 182.5, -912.7
73.7, 138.1, -966.9
62.0, 101.0, -950.3
30.3, 104.9, -924.0
61.0, 119.0, -916.6
99.1, 166.8, -1023.0
60.5, 196.1, -1022.5
86.4, 229.3, -893.2
-42.9, 178.5, -930.3
-30.3, 128.8, -1005.4
-0.5, 146.8, -930.8
-,-,-
-5.4, 180.5, -886.9
-8.8, 108.8, -1072.3
64.9, 171.2, -880.1
-7.8, 9.8, -1005.9
-4.4, 4.4, -1004.5
-35.6, -21.5, -1030.3
-31.2, -19.5, -1035.7
-93.7, 95.1, -1027.9
-49.3, 29.8, -997.6
11.7, 25.9, -982.5
2.9, 33.2, -1014.2
-20.0, 3.4, -1031.3
-74.7, -79.0, -993.2
-23.9, -168.3, -1210.8
-121.0, 31.2, -1120.1
-131.3, 93.2, -1014.2
-42.0, 135.1, -955.2
6.3, 213.2, -955.7
12.2, 241.0, -816.2
-38.6, 270.3, -989.8
2.4, 282.0, -1046.4
12.7, 377.1, -967.4
23.4, 400.0, -1056.2
-19.5, 457.6, -981.5
-19.5, 464.9, -936.2
-2.9, 448.8, -931.3
22.9, 371.2, -890.8
-38.6, 284.9, -952.3
-109.3, 290.8, -983.0
-109.8, 252.2, -1004.5
-92.7, 242.9, -958.6
-128.8, 258.1, -941.5
-152.3, 206.4, -943.0
-149.8, 191.7, -935.2
-120.0, 179.0, -910.8
-136.2, 143.9, -942.0
-187.9, 137.1, -919.6
-126.9, 82.9, -917.1
-120.0, 47.3, -934.7
-125.4, 73.7, -940.6
-117.6, 132.2, -915.2
-137.6, 216.6, -934.7
-115.7, 288.8, -909.3
-125.9, 306.4, -925.4
-112.2, 225.9, -1011.8
-80.5, 220.0, -931.8
-85.9, 167.3, -920.5
-95.6, 120.5, -973.2
-92.7, 205.9, -908.8
-301.1, -64.4, -1163.5
61.0, 72.7, -921.5
25.4, -3.9, -1016.7
-100.5, 43.9, -986.4
-64.4, -25.4, -1055.7
18.1, -91.7, -1053.7
-1.5, -63.4, -1027.4
-9.8, 18.5, -1028.8
24.4, 15.1, -1003.5
37.6, 12.7, -1014.7
67.8, -4.9, -1024.9
99.6, -20.0, -1026.9
64.9, -6.3, -1031.8
31.7, 31.7, -1042.0
2.4, 54.6, -1042.0
-81.5, 124.9, -1038.1
-58.6, 222.5, -973.2
20.5, 169.8, -802.5
13.2, 85.4, -1024.0
-15.6, 191.2, -1034.2
-99.1, 255.6, -957.1
-63.4, 233.7, -1012.3
13.7, 242.0, -1080.6
-45.4, 307.8, -926.4
-29.8, 369.3, -960.6
-23.9, 334.7, -984.9
-19.0, 372.7, -968.8
-91.7, 421.0, -968.4
-95.2, 434.7, -969.3
-119.1, 310.3, -932.7
-130.8, 301.0, -953.2
-116.6, 287.3, -963.0
-104.9, 275.6, -964.0
-83.9, 256.1, -832.7
-81.5, 191.7, -932.3
-104.9, 167.3, -976.7
-114.2, 169.8, -955.7
-74.7, 144.4, -940.1
-59.5, 171.7, -900.1
-64.9, 162.9, -953.7
-50.8, 174.6, -928.8
-82.5, 220.0, -904.0
-118.6, 222.0, -897.1
-87.4, 230.3, -934.7
-48.3, 162.4, -981.5
-29.3, 154.2, -943.5
-72.2, 209.3, -905.9
-54.7, 88.3, -1089.8
85.9, 242.0, -897.1
89.3, 117.6, -883.0
-27.3, 111.7, -1028.8
23.9, 118.5, -1061.5
78.6, 74.2, -918.1
63.0, -91.2, -1025.9
35.1, 2.0, -989.3
73.2, 77.1, -1028.8
89.8, -2.0, -1138.6
137.1, 84.9, -1001.5
182.0, 113.2, -989.3
202.0, 115.6, -997.1
206.9, 178.1, -1026.4
185.9, 131.2, -1021.5
187.4, 94.2, -1031.3
152.7, 85.4, -1024.9
163.0, 101.5, -1022.5
152.7, 93.2, -1005.4
96.6, 48.8, -987.9
113.7, 16.1, -986.4
55.6, 9.8, -983.0
51.7, 14.6, -1040.6
20.0, 117.6, -989.3
-,-,-
16.1, 172.7, -904.5
57.1, 133.7, -836.6
32.7, 87.3, -1051.3
6.8, 161.0, -1092.8
61.0, 345.4, -876.2
116.6, 313.7, -948.4
179.1, 315.6, -1008.8
150.8, 381.0, -954.7
136.6, 436.6, -946.4
132.7, 424.9, -962.0
146.9, 405.9, -931.8
132.2, 364.4, -929.3
67.3, 257.1, -974.7
24.9, 256.6, -984.9
7.3, 243.9, -934.7
1.0, 230.3, -899.6
-16.6, 218.6, -904.5
-42.0, 211.2, -913.7
-24.4, 220.0, -931.3
-9.3, 228.8, -932.3
0.0, 225.9, -954.7
9.3, 231.2, -949.3
34.2, 239.5, -944.9
25.4, 257.1, -933.7
20.5, 254.7, -919.6
18.5, 189.8, -972.3
13.2, 192.2, -954.2
21.5, 187.3, -926.4
-9.3, 214.6, -880.5
51.7, 61.0, -1048.4
119.1, 48.3, -948.4
128.3, 121.0, -875.7
147.9, 54.1, -981.0
178.1, -100.0, -1005.4
126.9, -144.9, -1035.7
130.3, -73.2, -1101.5
127.9, 36.1, -1050.8
192.3, 7.8, -1019.6
185.9, 42.0, -982.5
172.8, 34.6, -1015.7
166.4, 34.6, -1023.5
172.3, 25.9, -1020.6
129.3, -2.0, -1033.7
116.1, 3.4, -1015.2
118.1, 1.0, -1001.5
32.7, 94.2, -1004.0
28.8, 204.9, -897.6
64.9, 193.2, -873.7
45.9, 79.0, -956.6
-20.0, 69.8, -1124.5
47.8, 231.7, -973.2
11.7, 268.8, -968.4
55.6, 180.5, -1045.4
55.6, 271.7, -969.3
-31.7, 335.1, -936.6
42.5, 379.0, -916.2
65.4, 333.2, -965.4
5.9, 352.2, -1001.0
-11.7, 376.1, -1001.0
10.7, 422.5, -973.7
28.3, 398.1, -855.7
-28.3, 357.1, -930.3
-38.1, 341.0, -942.0
-13.2, 334.7, -931.3
-46.4, 295.1, -981.0
-74.2, 292.7, -891.8
39.5, 219.5, -916.2
-68.3, 118.5, -964.0
-95.6, 94.6, -989.3
-94.2, 78.5, -941.5
-63.9, 142.4, -909.3
-64.9, 235.1, -871.3
-87.8, 281.0, -915.2
-136.2, 250.7, -1022.0
-95.6, 260.5, -960.6
-115.7, 214.6, -847.9
-108.3, 157.6, -963.5
-129.3, 262.5, -854.7
-115.2, 111.7, -1065.4
-34.6, 80.5, -899.1
-74.7, 91.7, -990.3
-103.9, 105.4, -1003.0
-97.1, 28.8, -1011.3
-83.9, -25.4, -1052.8
-99.1, -112.2, -1109.3
-60.0, -98.5, -1100.1
-66.9, 34.6, -1069.8
-22.9, -2.0, -1082.0
13.2, -10.7, -1062.5
6.3, -28.8, -1045.4
-14.2, -47.8, -1056.7
-63.9, 5.4, -1067.9
-36.6, 59.0, -1060.6
-51.2, 160.5, -949.8
-115.2, 249.8, -934.2
-137.6, 156.1, -822.5
-114.2, 119.0, -1029.8
-104.9, 175.1, -999.1
-85.4, 248.3, -862.0
-182.0, 197.1, -1090.8
-106.4, 328.8, -972.7
-61.5, 288.3, -960.1
-125.9, 340.0, -951.3
-104.9, 452.7, -932.3
-89.3, 388.8, -966.4
-76.1, 423.9, -1030.3
-66.9, 439.5, -982.0
-53.7, 297.1, -952.3
-119.1, 289.8, -990.3
-138.6, 307.8, -915.2
-175.2, 281.0, -885.9
-199.6, 188.8, -939.6
-236.7, 147.3, -975.7
-272.3, 149.8, -972.3
-240.1, 159.0, -954.7
-192.8, 163.9, -954.2
-244.0, 177.6, -922.0
-153.7, 171.2, -950.8
-128.8, 122.4, -922.5
-118.6, 122.9, -898.6
-,-,-
-122.5, 125.9, -919.6
-110.3, 42.4, -1010.3
-95.6, 65.4, -951.8
-109.8, 42.9, -1002.0
-119.6, 91.2, -983.0
-90.3, 87.8, -1008.4
-81.0, 103.9, -960.1
-107.8, 62.4, -996.7
-110.8, 82.0, -981.0
-92.2, 62.0, -990.8
-114.2, 26.3, -999.6
-134.2, 45.4, -994.2
-145.4, 43.4, -993.7
-116.6, 29.3, -975.2
-106.4, 22.0, -980.1
-86.9, -27.8, -1014.2
-93.7, -38.1, -1025.9
-104.9, -45.4, -1037.1
-144.4, -35.1, -1036.7
-140.1, -15.6, -1067.9
-127.9, 68.3, -1072.3
-78.6, 134.6, -1036.7
-43.4, 175.6, -994.7
-57.6, 218.1, -954.7
-8.8, 251.2, -1009.3
28.3, 225.4, -973.7
-48.8, 184.9, -1005.4
-99.6, 266.8, -985.9
-107.4, 291.7, -953.2
-149.3, 238.6, -967.4
-157.6, 228.8, -980.6
-168.8, 224.9, -986.4
-187.9, 262.9, -968.8
-158.6, 293.2, -961.0
-164.0, 269.8, -991.3
-142.0, 264.4, -991.8
-144.0, 276.1, -989.8
-161.5, 283.9, -965.9
-167.4, 280.5, -966.9
-126.9, 268.8, -948.8
-90.3, 261.0, -922.5
-91.3, 240.5, -948.4
-33.2, 226.4, -913.7
3.4, 239.0, -878.6
-79.5, 234.6, -861.5
-78.6, 239.0, -914.2
-68.3, 216.1, -954.7
-86.9, 231.2, -1024.9
-216.2, 153.7, -939.6
-169.8, 90.2, -935.7
-60.5, 220.0, -867.9
-85.9, 110.3, -1037.1
-76.1, 76.1, -934.7
-93.2, 76.6, -878.6
-60.0, -40.5, -958.6
-22.0, -94.6, -973.2
-57.1, 34.1, -980.6
-18.1, 24.4, -1073.2
40.5, -11.2, -1036.2
52.2, -25.4, -972.7
62.5, -77.1, -1005.9
61.0, -50.7, -1027.9
55.1, -22.4, -1022.5
50.8, 34.6, -989.3
39.0, 47.3, -961.5
38.1, -12.7, -990.8
46.8, -48.3, -1011.8
26.4, -100.0, -1018.6
-9.8, -148.3, -1101.5
6.8, -127.8, -1122.0
-11.7, -67.8, -1100.1
-104.4, 32.2, -888.4
71.7, -21.5, -1057.1
-29.8, 97.1, -930.3
-4.4, 130.7, -1095.2
-34.6, 232.2, -991.8
-103.9, 161.0, -948.4
-32.7, 223.9, -997.6
-0.5, 262.5, -952.7
-63.9, 358.6, -927.4
-118.1, 332.7, -961.5
-121.5, 337.1, -936.2
-144.0, 298.1, -946.9
-163.0, 316.1, -969.8
-213.7, 318.6, -932.7
-199.1, 287.8, -929.8
-224.0, 219.5, -923.5
-250.8, 211.7, -929.3
-267.9, 202.9, -924.9
-241.1, 172.7, -967.9
-246.9, 177.1, -951.8
-244.5, 184.4, -935.2
-244.0, 187.3, -956.2
-234.2, 189.3, -948.8
-223.5, 186.4, -932.7
-224.5, 171.7, -927.9
-222.0, 157.6, -928.4
-212.8, 132.7, -919.6
-202.5, 96.1, -931.8
-218.6, 198.5, -833.2
-302.6, 184.9, -930.3
-232.3, 65.4, -1109.8
-143.0, 98.5, -924.5
-122.5, -39.5, -970.8
-164.5, -39.0, -892.3
-150.3, -221.0, -1011.3
-185.0, -256.1, -992.3
-204.0, -183.9, -1057.1
-165.4, -17.6, -1010.8
-158.1, -44.4, -973.2
-116.6, 2.0, -938.1
-87.4, 43.4, -986.9