-,-,-
918.9, 8.8, -181.5
984.8, -418.6, -427.8
1068.2, -611.7, -383.0
1134.6, -409.3, -543.9
1064.8, -503.4, -502.5
988.2, -525.9, -400.0
967.2, -550.8, -305.4
1003.8, -227.8, -236.6
1057.5, 153.7, 69.3
901.8, 461.0, -48.8
875.0, 903.0, 181.0
904.8, 1604.5, 359.5
864.7, 1747.9, 443.4
721.3, 1995.7, 839.1
795.0, 1788.9, 665.9
923.3, 1368.9, 489.3
747.6, 1127.4, 138.1
863.8, 543.5, -3.9
699.3, 133.2, -130.7
653.9, -106.8, -386.9
804.7, -816.2, -699.1
898.9, -720.0, -746.9
967.7, -841.5, -855.7
808.6, -523.9, -720.0
838.4, -477.1, -539.5
901.3, -351.7, -474.2
935.0, -113.2, -254.7
938.9, 71.7, -191.2
846.7, 477.1, 203.9
841.3, 605.4, 229.3
1015.5, 1025.4, 337.6
880.8, 1709.4, 584.9
869.6, 1601.1, 774.2
866.7, 1437.7, 532.2
936.0, 1317.6, 410.3
884.7, 909.3, 122.4
1010.2, 309.8, 45.9
869.6, 208.3, -238.6
806.2, -37.1, -399.5
870.6, -177.1, -545.9
854.5, -593.2, -652.7
870.6, -224.4, -668.3
858.9, -488.3, -637.6
839.4, -470.3, -470.3
891.1, -355.6, -403.4
818.4, 7.3, -254.7
957.0, 346.4, -58.1
901.3, 399.5, 8.3
989.2, 1061.5, 249.8
657.8, 1654.7, 538.6
741.3, 2146.0, 1024.5
675.9, 2012.3, 915.2
751.5, 1787.9, 704.9
986.7, 947.4, 373.2
809.6, 1030.8, 337.6
799.8, 85.9, -19.5
897.9, -149.3, -279.5
993.6, -650.3, -517.1
1081.9, -764.4, -504.9
1108.2, -595.6, -675.2
972.6, -326.9, -584.4
934.0, -410.8, -386.9
905.7, -483.0, -258.1
961.4, -399.5, -102.9
941.8, 225.9, -67.3
1017.5, 639.6, 385.9
936.5, 301.5, -12.2
940.4, 809.3, 478.6
706.1, 1929.4, 727.9
599.8, 1886.0, 826.9
623.2, 1830.4, 889.3
686.6, 1699.6, 641.5
734.0, 1365.9, 465.9
842.3, 639.1, 274.7
785.2, 495.2, 211.2
768.1, 192.2, -165.4
872.5, -362.5, -393.7
1079.9, -790.8, -746.4
1122.9, -830.8, -693.2
1030.2, -383.4, -607.4
994.1, -640.5, -473.2
937.0, -708.3, -329.8
977.5, -553.7, -262.9
960.9, 355.6, 65.4
1108.2, 363.9, 193.2
948.2, 255.1, 35.6
848.6, 888.4, 529.8
532.9, 2031.8, 784.9
515.8, 2429.9, 1237.6
568.0, 2119.2, 952.7
692.0, 1821.6, 643.0
799.3, 1246.9, 525.9
779.3, 687.4, 185.9
779.3, 429.8, 24.4
801.8, -157.1, -319.0
1017.0, -554.2, -423.4
1119.0, -993.7, -747.4
1083.4, -530.3, -640.5
985.8, -370.3, -576.6
943.8, -582.5, -345.9
932.1, -668.8, -270.3
952.1, -426.9, -158.5
873.0, 426.9, 69.3
1172.7, 77.1, 119.0
952.1, 126.8, 15.1
973.1, 864.0, 461.5
745.2, 2028.4, 525.9
701.3, 2298.2, 883.5
684.7, 2091.4, 988.4
672.0, 1976.7, 661.5
707.6, 1683.0, 580.0
954.0, 654.2, 332.7
659.3, 950.8, 254.2
895.0, 23.4, -212.7
768.1, -353.7, -382.0
992.6, -840.5, -736.6
1041.4, -983.5, -744.4
1006.3, -440.0, -725.4
916.5, -526.9, -658.1
875.0, -609.3, -434.2
-,-,-
917.9, -618.6, -327.3
921.3, -217.1, -213.2
951.1, 467.8, 362.0
1016.5, 92.2, 24.9
863.8, 1350.8, 387.8
789.6, 1964.0, 534.7
641.2, 2084.5, 686.4
650.0, 2217.7, 1088.4
617.8, 1970.4, 874.7
636.4, 1764.0, 815.7
856.9, 1017.6, 466.4
798.9, 785.9, 184.9
930.6, 330.3, -27.3
961.4, -687.4, -395.6
1012.6, -988.8, -718.1
1134.1, -1051.3, -696.1
1061.4, -436.6, -674.7
963.8, -653.7, -586.4
898.9, -752.2, -406.9
905.2, -704.4, -342.5
883.8, 78.5, -141.0
1005.8, 498.6, 294.7
1013.1, 124.4, 63.9
612.4, 1943.5, 586.9
568.0, 2260.6, 884.9
536.8, 2357.7, 1069.3
610.5, 2153.3, 1033.7
671.5, 1940.1, 787.9
805.7, 1395.7, 560.0
837.4, 664.4, 341.5
849.1, 506.9, -39.0
940.4, -327.3, -335.1
1170.7, -1373.7, -711.3
1218.5, -1081.5, -769.8
1054.1, -437.1, -764.4
950.1, -613.2, -573.2
827.6, -658.1, -361.0
811.1, -656.1, -346.9
900.4, 175.1, -77.1
1002.4, 326.9, 214.6
945.3, 179.5, 128.3
693.9, 1864.0, 469.8
711.0, 2188.9, 798.1
640.7, 2287.5, 981.0
672.5, 2152.3, 1072.8
723.7, 1922.6, 802.0
810.6, 1325.0, 551.3
820.8, 804.9, 410.3
835.0, 500.5, 152.2
795.9, -76.6, -391.7
965.8, -1063.0, -750.3
1110.2, -1207.4, -753.7
1096.0, -632.2, -851.3
942.3, -706.4, -703.0
838.9, -763.5, -498.6
772.5, -818.1, -467.3
863.8, 1.5, -145.9
1059.9, 329.8, 122.4
949.6, 119.5, -24.9
962.8, 809.3, 477.1
668.1, 2098.2, 824.9
636.4, 2449.4, 1091.3
660.3, 2396.7, 1259.1
680.3, 2014.8, 835.2
838.4, 1498.1, 622.0
864.2, 1233.3, 514.7
774.5, 340.0, 182.9
807.6, -37.6, -221.5
1025.3, -587.8, -412.7
1141.4, -1393.8, -757.6
1107.8, -652.2, -886.9
977.0, -676.6, -789.8
869.1, -866.9, -557.6
786.7, -951.3, -460.0
819.4, -141.5, -229.8
1079.5, 175.1, 258.1
938.4, -101.5, -14.1
950.6, 632.7, 447.8
774.5, 1755.2, 722.0
629.0, 2610.4, 1123.5
601.2, 2516.3, 1283.5
683.2, 2419.7, 1031.8
795.4, 2004.5, 771.8
901.3, 978.1, 499.1
703.2, 994.7, 253.7
890.1, 58.1, -220.0
874.0, -696.6, -628.3
1018.5, -1041.5, -665.4
1031.1, -1243.0, -1038.6
851.1, -795.7, -978.1
770.1, -906.9, -670.8
759.3, -1069.8, -558.6
752.0, -547.8, -376.1
990.6, 354.2, 237.6
980.9, 142.4, -25.9
1004.3, 605.9, 338.1
947.2, 1862.6, 598.1
752.0, 2695.8, 1025.9
748.1, 2432.8, 1336.7
799.3, 2178.7, 864.4
868.6, 1647.4, 695.2
857.4, 1003.5, 430.3
709.6, 888.4, 146.8
865.2, -83.9, -317.6
809.1, -373.2, -504.9
916.5, -978.1, -661.5
1041.9, -1148.4, -1086.4
887.2, -779.1, -1069.8
792.0, -980.1, -839.1
738.8, -1099.1, -546.4
755.4, -735.2, -417.1
971.6, -16.1, 236.6
1007.7, 121.5, 98.5
949.6, 815.2, 261.5
894.5, 1910.4, 656.1
585.1, 2686.0, 879.6
803.2, 2553.3, 1301.6
815.0, 2290.4, 937.1
951.1, 1723.5, 658.6
867.7, 1081.5, 311.2
-,-,-
740.8, 858.6, 247.8
713.0, 83.4, -233.7
667.6, -266.4, -323.4
806.2, -763.0, -633.2
937.0, -1231.3, -909.8
1025.8, -762.5, -961.0
877.4, -837.6, -780.1
797.9, -842.0, -489.8
872.1, -834.7, -414.7
913.5, 111.7, 101.0
1056.0, 173.2, 40.5
997.0, 242.0, 90.2
873.0, 1126.9, 458.6
645.1, 2135.8, 692.2
765.2, 2584.1, 1190.3
743.7, 2387.0, 1127.9
773.5, 1988.9, 691.8
908.2, 1338.6, 541.5
759.3, 1060.1, 387.8
690.0, 171.2, -38.5
800.8, -6.3, -227.3
825.2, -764.4, -495.6
936.5, -1156.7, -730.8
1077.5, -502.0, -1108.9
857.4, -854.7, -887.9
751.5, -1082.0, -574.7
793.0, -828.3, -413.7
804.7, -337.6, -174.6
1009.2, 220.5, 46.8
924.8, 288.3, 135.1
668.6, 1022.0, 487.3
560.2, 1800.1, 703.0
682.2, 2371.4, 962.5
796.4, 2561.6, 1045.4
750.1, 2172.8, 819.6
896.9, 1683.5, 585.9
819.4, 1142.5, 409.3
723.7, 488.3, 153.7
838.4, -35.6, -263.4
748.1, -322.5, -376.6
791.0, -903.5, -603.9
1033.1, -1110.3, -762.0
1009.2, -661.5, -781.0
940.4, -934.2, -646.9
777.4, -1126.4, -449.8
823.3, -742.5, -265.9
869.1, 611.3, 350.8
1048.7, 711.8, 411.2
774.5, 937.6, 670.8
725.7, 2246.5, 1046.9
726.6, 2802.1, 1006.9
852.5, 2597.7, 1168.4
934.0, 1814.3, 584.9
1021.9, 1128.9, 512.2
694.9, 499.1, 176.1
723.7, 186.8, -116.6
781.8, -627.8, -411.2
955.0, -1200.1, -695.7
1089.2, -1720.1, -996.7
1028.2, -617.1, -1173.2
807.6, -823.5, -985.9
577.3, -887.4, -535.6
607.1, -52.7, -242.5
1003.8, 263.4, 2.0
1063.4, 292.2, 56.6
947.2, 958.1, 332.7
828.1, 2220.1, 718.1
835.9, 2404.1, 956.6
974.0, 2623.6, 1178.1
873.5, 2275.3, 962.5
1074.6, 1223.5, 339.5
911.6, 910.8, 168.3
676.9, 317.1, -49.3
675.9, -120.0, -339.5
697.4, -835.2, -558.1
920.9, -1147.4, -943.5
968.7, -1276.7, -1086.4
774.5, -551.7, -1124.5
673.9, -1007.4, -906.9
686.6, -305.4, -347.8
767.6, -621.5, -257.1
767.1, 371.7, 168.3
1009.2, 858.6, 185.9
928.7, 1324.0, 542.0
823.3, 2081.6, 743.0
874.5, 2539.7, 903.0
942.3, 2459.7, 1041.0
876.0, 2209.9, 803.0
908.2, 1914.3, 624.4
802.3, 440.0, 449.3
847.2, 593.2, -61.0
900.8, -279.5, -281.5
671.0, -311.2, -457.6
876.4, -935.2, -619.6
881.3, -898.6, -815.2
907.2, -993.2, -804.0
837.4, -558.6, -766.4
810.1, -708.8, -617.1
844.2, -668.3, -307.3
840.8, 128.3, 88.3
1088.7, 439.1, 390.8
1055.5, 340.5, 124.9
862.3, 1279.6, 687.9
709.1, 2167.9, 890.8
835.0, 2398.2, 920.5
841.3, 2404.6, 1054.2
756.9, 2201.1, 947.4
869.6, 1276.2, 515.6
728.1, 1156.2, 373.2
687.1, 357.1, 56.6
656.4, 59.0, -234.2
594.9, -487.8, -278.1
926.7, -956.6, -718.1
1152.2, -1270.8, -873.7
1030.2, -881.5, -929.8
971.1, -529.8, -811.8
817.9, -844.9, -449.3
812.5, -551.7, -346.9
1036.5, 97.1, 84.9
1102.4, 98.1, 3.4
-,-,-
996.5, 308.3, 151.2
792.0, 1216.7, 564.9
689.5, 2038.7, 621.0
869.1, 2355.8, 909.3
829.1, 2410.9, 1015.2
792.0, 2177.7, 967.9
925.7, 1272.8, 390.3
794.0, 898.1, 308.3
723.7, 459.5, -177.1
722.2, -19.5, -224.4
660.8, -304.9, -542.5
805.7, -815.7, -543.5
964.8, -827.4, -907.4
1029.2, -1044.9, -866.9
937.0, -555.2, -823.5
871.1, -607.8, -429.8
964.3, -592.7, -371.7
902.8, -320.5, -212.2
991.1, 242.9, 104.4
1013.1, 337.6, -27.8
904.3, 822.5, 235.6
885.7, 1558.6, 471.7
711.5, 2015.7, 769.3
848.1, 2283.6, 886.4
821.3, 2141.1, 917.6
937.4, 1435.2, 429.8
963.8, 912.3, 280.5
782.3, 974.7, 198.1
757.4, 214.2, -33.2
708.6, 116.1, -113.2
725.2, -462.0, -436.6
883.8, -647.4, -512.2
1041.9, -861.5, -705.9
1019.4, -907.4, -803.0
877.4, -573.7, -744.0
866.7, -648.8, -555.2
910.1, -623.0, -496.1
873.0, -220.5, -334.7
860.3, -188.8, -216.1
1006.7, 191.7, -164.4
1003.3, 498.1, 4.4
815.9, 1156.2, 230.3
872.1, 1632.3, 333.2
822.8, 2308.9, 808.3
713.0, 2002.6, 834.2
715.4, 1671.3, 543.9
880.8, 1319.6, 338.1
861.3, 822.0, 202.9
706.6, 777.1, -104.9
827.2, 50.2, -214.2
779.8, -66.8, -271.7
796.4, -619.1, -483.4
1072.6, -901.5, -820.1
1017.5, -896.2, -867.9
953.6, -688.8, -793.2
893.5, -781.5, -589.3
969.7, -692.7, -463.9
976.0, -589.8, -404.9
898.9, -118.1, -122.0
1046.8, 403.4, 105.9
1040.9, 475.2, 58.5
814.5, 1301.1, 585.4
844.7, 2244.1, 876.2
803.7, 2242.6, 931.3
743.2, 1912.8, 914.7
776.9, 1638.2, 574.2
939.4, 1092.3, 385.9
764.7, 1129.3, 372.2
723.7, 282.0, -87.3
777.9, 182.0, -301.5
692.5, -287.3, -363.9
1068.7, -968.4, -802.5
1159.0, -915.2, -816.6
1109.2, -390.8, -778.6
1043.3, -592.7, -670.3
925.7, -770.8, -382.5
881.3, -830.3, -323.9
890.6, -271.7, -186.4
1157.0, 262.5, 306.8
1093.6, 50.2, -18.0
769.6, 1426.4, 441.0
700.8, 1798.2, 537.6
732.0, 2254.3, 893.2
705.6, 2226.5, 972.3
700.3, 1958.2, 875.2
706.6, 1690.8, 584.9
908.2, 1087.9, 380.0
822.8, 773.2, 335.1
772.5, 296.1, -181.5
720.8, -236.6, -238.6
808.1, -687.9, -477.6
1053.1, -856.6, -676.1
1139.0, -996.2, -795.7
1118.5, -585.9, -721.5
1054.6, -623.9, -627.8
967.7, -798.1, -391.7
894.5, -784.0, -346.9
895.5, -62.0, -104.4
1182.4, 387.3, 210.3
795.0, 709.8, 490.3
715.4, 1604.0, 812.7
597.3, 2008.4, 684.9
702.7, 2493.8, 1006.9
662.2, 2173.3, 986.9
636.4, 1940.6, 735.2
751.0, 1596.7, 460.0
816.4, 843.0, 385.4
729.6, 598.1, -111.7
652.5, -157.1, -177.6
818.9, -811.8, -411.2
1124.4, -1296.7, -644.9
1222.0, -1082.0, -766.4
1151.2, -401.0, -758.1
1084.3, -527.4, -676.6
944.3, -723.0, -423.9
833.5, -979.6, -302.9
910.1, -351.7, -99.5
1184.4, 480.5, 340.0
1019.9, 371.7, 394.7
850.1, 1210.8, 540.5
-,-,-
721.3, 1887.4, 757.6
750.1, 2288.4, 694.7
722.7, 2470.4, 929.8
643.7, 2253.3, 942.5
701.3, 2007.9, 586.9
755.4, 1591.3, 511.3
743.7, 638.1, 303.4
783.7, 45.4, -185.4
712.5, -380.0, -543.9
874.5, -873.7, -481.0
984.8, -1242.0, -829.3
1103.9, -1151.3, -890.8
984.3, -484.9, -930.3
909.1, -748.8, -757.1
825.7, -797.1, -549.3
794.5, -604.9, -321.5
1139.5, 43.4, 67.3
1078.5, 111.7, 56.6
962.3, 692.7, 266.8
871.6, 1343.5, 503.9
692.5, 2037.7, 640.0
756.9, 2379.7, 806.9
834.5, 2389.4, 965.4
767.1, 2070.9, 816.2
787.6, 1808.9, 597.6
680.8, 836.2, 380.5
596.3, 930.3, 282.9
723.7, 89.8, -53.7
671.5, -127.8, -247.3
878.4, -719.1, -355.1
1038.0, -1211.3, -582.5
1168.8, -1211.8, -788.3
1124.8, -339.5, -835.7
1012.6, -527.8, -710.3
890.6, -761.0, -493.2
857.4, -386.9, -190.3
1127.8, 382.5, 173.7
1281.5, 84.9, 69.3
910.6, 150.7, 268.8
815.4, 1059.1, 509.8
717.4, 1615.7, 676.1
730.0, 2334.8, 773.2
718.8, 2533.8, 950.8
695.9, 2330.9, 1121.1
741.3, 1773.8, 704.9
855.5, 1023.0, 426.4
690.0, 703.5, 483.0
726.6, 142.9, 36.1
828.6, -112.2, -199.0
831.1, -654.7, -413.2
1005.3, -1069.8, -619.6
1033.1, -1311.3, -853.2
1068.2, -600.0, -964.5
876.0, -921.5, -623.9
754.9, -1003.0, -455.2
823.3, -260.5, -218.1
1171.2, -8.3, 22.9
1117.0, -150.7, -63.4
1093.6, 195.6, 101.5
1064.8, 1188.9, 338.6
678.3, 2001.6, 625.4
761.8, 2448.0, 733.7
801.3, 2302.1, 1155.7
792.0, 1828.9, 842.5
922.8, 1276.2, 623.5
948.2, 981.5, 409.8
688.1, 373.7, -159.0
795.0, 45.9, -93.7
713.9, -396.1, -376.6
750.5, -882.5, -723.0
835.9, -891.3, -1013.7
876.9, -1092.8, -1062.5
807.2, -925.9, -906.4
814.5, -1029.3, -772.2
889.6, -908.4, -635.2
763.7, 365.9, 25.4
1027.2, 483.4, -162.0
916.0, 135.1, -200.5
767.1, 1093.2, 548.3
805.2, 1592.8, 391.2
812.0, 2360.6, 966.9
891.6, 2049.9, 1075.2
875.0, 1820.6, 835.2
924.3, 1146.4, 601.5
902.8, 712.2, 161.5
934.0, -169.8, -123.9
816.9, -228.8, -414.7
717.4, -274.7, -629.3
727.6, -655.7, -749.3
737.4, -1060.1, -884.9
873.5, -937.6, -1053.7
808.6, -941.5, -667.4
740.3, -844.0, -458.6
765.7, -201.0, -176.6
1106.3, 249.8, -18.0
1064.3, 791.3, 350.8
924.3, 962.5, 480.0
812.0, 1837.2, 952.7
853.5, 2610.4, 1329.4
894.5, 2330.9, 1250.8
908.7, 1562.5, 838.6
962.8, 844.9, 380.5
943.3, 94.2, -145.9
906.7, -149.3, -309.3
761.8, -446.9, -539.1
654.4, -852.3, -695.7
697.8, -1050.8, -1002.0
798.4, -852.3, -1135.2
857.4, -758.1, -1078.6
564.1, -570.8, -531.3
732.5, 3.9, -310.8
1145.8, 214.2, -73.2
1021.9, 952.7, 390.8
846.7, 1196.7, 459.1
874.0, 2136.2, 1035.7
959.9, 2551.4, 1370.8
971.6, 1847.9, 1074.7
1032.6, 1702.1, 918.6
1036.5, 563.0, 112.2
940.9, 104.4, -125.9
-,-,-
905.2, -159.5, -436.1
679.3, -478.6, -722.0
620.2, -866.9, -765.4
764.7, -1086.9, -1029.8
707.6, -1012.8, -1093.7
756.4, -752.7, -981.0
691.0, -728.8, -756.1
689.1, -540.0, -552.7
787.6, 685.4, -53.2
855.5, 1133.2, 350.3
831.1, 1664.0, 576.1
710.5, 2201.6, 955.2
838.4, 2559.7, 1234.7
798.9, 2289.4, 1149.8
896.9, 1883.1, 855.2
989.7, 1084.5, 266.8
1020.4, 769.8, 15.1
803.2, -498.6, -308.3
1255.1, -1438.6, -647.4
1390.8, -1946.0, -868.8
1282.0, -993.2, -1037.1
1025.3, -706.4, -922.5
736.9, -913.7, -436.6
673.0, -873.7, -310.3
646.6, -422.0, -304.9
987.7, 465.4, 209.3
908.7, 1107.4, 412.2
815.4, 2124.5, 740.5
691.5, 2835.3, 929.8
836.9, 2749.0, 1152.8
760.3, 2247.0, 900.5
756.4, 1999.2, 564.9
1054.1, 1003.0, 204.4
809.1, 897.6, 182.5
626.6, 17.1, -229.8
814.0, -1142.5, -896.6
977.5, -1526.4, -1089.3
950.6, -1431.8, -1267.9
826.7, -1118.6, -1045.4
716.9, -1351.3, -726.9
650.0, -1429.9, -572.2
778.8, -259.5, -166.4
1055.5, 231.2, 78.5
988.2, 746.4, 271.2
771.0, 1941.6, 798.6
805.7, 3256.3, 1342.5
796.9, 3186.1, 1429.4
867.2, 2563.6, 758.6
993.1, 1690.4, 601.5
896.5, 849.8, -218.1
801.3, 26.3, -145.9
586.1, -487.8, -469.3
925.2, -1931.8, -990.8
1148.8, -2199.2, -1299.1
790.6, -1075.7, -1185.9
508.5, -1235.7, -764.9
622.7, -472.2, -345.9
765.7, -747.9, -282.5
819.8, 785.4, 330.3
932.6, 1225.0, 455.2
1029.2, 1570.3, 606.4
987.2, 2317.7, 936.6
842.8, 3224.1, 1215.7
930.1, 2605.5, 1145.0
966.2, 1937.7, 441.0
951.1, 525.9, 187.8
759.3, 266.4, -215.6
811.1, -461.5, -446.4
851.6, -1474.7, -820.1
856.9, -1676.7, -1168.9
858.9, -1218.1, -1387.4
675.4, -1103.5, -1322.5
527.5, -1292.8, -960.6
443.1, -812.7, -411.7
977.5, 523.9, 281.0
1182.4, 670.3, -44.4
976.5, 1624.0, 698.6
657.8, 3351.4, 1256.7
905.2, 3296.3, 1280.6
942.8, 2924.1, 1506.9
901.3, 2579.2, 927.4
1187.8, 1670.4, 511.3
754.0, 47.3, -368.3
749.1, -556.6, -482.0
958.9, -1618.2, -859.1
1004.3, -2422.6, -1324.0
819.8, -766.9, -1619.6
589.5, -1114.2, -1430.3
384.1, -1321.6, -988.4
417.2, -557.1, -598.6
605.6, -331.7, -517.1
927.7, 1064.0, 160.5
895.5, 1902.1, 591.3
978.0, 2573.3, 938.1
873.0, 3226.6, 1230.8
1107.8, 2432.8, 1123.5
1018.9, 2300.2, 892.3
1045.3, 1600.6, 488.8
1066.3, 764.4, 468.3
828.1, 70.2, -221.0
915.5, -368.8, -523.4
860.8, -1806.9, -1329.4
803.2, -950.8, -1499.1
603.2, -1090.3, -1360.1
441.2, -1382.0, -1054.2
492.4, -473.7, -634.2
602.7, -679.6, -539.1
805.2, -26.8, -190.3
1015.0, 617.6, 12.2
1057.0, 1109.8, 300.0
977.5, 3118.3, 1189.8
1037.5, 3183.6, 1323.0
972.1, 2743.1, 1502.5
899.4, 2234.8, 764.9
1206.3, 1249.8, 616.1
965.3, 1218.6, 243.4
692.0, 350.8, -253.2
585.6, -431.7, -159.5
586.6, -839.6, -877.1
656.8, -1586.9, -1828.9
-,-,-
656.4, -1022.0, -1255.7
595.8, -1046.4, -1164.0
643.7, -1061.0, -885.9
627.6, -328.8, -669.3
998.0, 663.0, -236.6
927.2, -492.7, -510.3
839.4, 928.8, 493.7
1012.6, 1254.2, 142.9
1089.2, 2787.0, 1552.8
1067.3, 2346.0, 1395.2
938.9, 1981.1, 1235.2
867.2, 1500.1, 528.3
990.6, 635.2, -62.4
753.0, -179.5, -318.1
702.2, -164.4, -690.8
628.1, -714.7, -1041.5
545.1, -814.2, -1277.6
598.3, -612.7, -1482.0
375.8, -795.7, -1202.5
451.4, -346.9, -988.8
609.5, -7.8, -714.2
910.1, -15.1, -421.0
989.7, 333.2, -41.5
887.7, 1200.1, 415.1
868.6, 1778.7, 712.7
955.5, 2320.6, 1272.8
960.4, 2192.8, 1408.9
1144.8, 1471.3, 573.2
1084.8, 417.1, 302.9
933.5, 82.9, -445.9
1163.4, -225.4, -841.0
601.7, -657.1, -943.5
613.9, -751.8, -1027.4
554.4, -761.5, -1147.9
505.6, -821.5, -1158.6
626.1, -601.5, -955.2
635.4, -607.4, -842.5
754.0, -181.0, -456.6
860.8, 323.4, 83.9
929.6, 495.2, 28.8
996.0, 1211.8, 518.1
994.5, 2239.7, 711.8
976.5, 2948.5, 1189.3
953.6, 2809.0, 1392.8
916.5, 2367.5, 1322.5
962.8, 1582.5, 832.7
1133.1, 277.1, -397.6
957.5, -321.0, -431.7
751.0, -727.4, -610.3
774.9, -222.9, -1053.2
653.9, -1123.5, -868.8
688.1, -944.5, -1187.9
747.6, -926.4, -1085.9
735.9, -813.2, -982.0
695.9, -932.7, -820.1
786.7, 152.2, -312.7
1024.3, -47.8, -233.7
896.5, 709.3, 172.2
900.8, 1148.9, 62.0
849.6, 2166.0, 751.3
879.9, 2472.4, 830.3
1006.3, 2283.6, 1029.3
868.2, 1978.2, 752.2
893.0, 1576.2, 423.0
892.1, 275.1, -354.2
887.7, 244.9, -311.2
748.1, 117.6, -547.4
589.5, -345.4, -630.3
704.2, -826.4, -714.2
736.9, -791.3, -997.1
725.7, -986.9, -938.1
851.1, -720.0, -861.0
825.7, -834.7, -660.0
765.7, -727.4, -459.1
900.4, 403.9, 175.6
1193.6, 263.4, -39.0
1052.1, 825.4, 317.1
973.1, 1873.8, 625.9
893.0, 2671.4, 616.1
927.7, 2697.7, 1110.8
842.3, 2427.5, 1024.9
955.5, 1997.2, 747.9
941.4, 1362.5, 281.5
846.2, 731.3, -241.0
650.0, -175.6, -315.1
679.8, -635.2, -687.9
760.8, -952.3, -864.0
790.6, -931.8, -1129.8
828.1, -1255.7, -1055.2
773.0, -619.1, -1043.0
708.6, -928.8, -885.4
691.5, -918.6, -549.3
834.0, 517.1, 13.7
955.5, 427.3, 32.7
906.7, 707.4, 286.8
1059.0, 1403.0, 377.1
838.4, 2552.4, 706.4
860.3, 2726.0, 768.3
859.9, 2222.1, 905.4
834.5, 2002.1, 618.6
936.5, 1654.7, 367.8
656.4, 399.5, 33.2
757.4, 212.2, -366.4
768.1, -245.4, -410.3
732.5, -749.3, -779.1
887.7, -1201.1, -802.0
970.1, -1140.1, -945.9
945.3, -510.8, -947.9
822.3, -650.8, -720.5
773.5, -824.0, -451.2
735.9, -885.9, -337.6
1127.8, 653.2, 538.1
1169.2, 394.7, 38.5
994.5, 781.5, 237.6
892.6, 2249.4, 771.3
771.0, 2730.4, 641.5
866.2, 2581.1, 842.5
765.2, 2329.9, 858.1
800.3, 1949.4, 455.2
958.9, 1365.0, 251.2
-,-,-
659.3, 756.6, -82.9
705.6, 178.5, -220.5
737.4, -492.7, -524.4
816.9, -1177.2, -694.7
941.4, -1143.5, -916.6
971.6, -720.5, -993.2
869.1, -499.1, -927.4
775.9, -789.8, -741.0
698.3, -859.6, -427.8
752.5, -835.7, -402.0
1151.2, 391.7, 202.9
1105.8, 116.1, -108.8
990.6, 818.6, 245.9
874.5, 1900.1, 430.8
732.0, 2732.9, 695.7
798.4, 2715.3, 836.2
765.2, 2579.2, 1071.8
740.8, 2200.6, 546.9
984.8, 1310.3, 372.7
729.1, 492.2, -209.8
773.0, 85.9, -136.1
649.0, -139.0, -359.5
761.8, -892.3, -706.4
841.3, -1277.6, -699.1
933.1, -1144.0, -1065.9
939.9, -727.9, -994.2
797.4, -905.4, -944.5
785.2, -935.2, -778.6
685.6, -519.5, -406.4
1011.6, 371.2, -53.7
1038.5, 150.7, -185.4
983.3, 756.1, 308.3
1009.7, 1684.5, 564.9
839.4, 2563.6, 750.8
865.2, 2846.5, 1082.5
879.4, 2299.2, 1013.2
852.0, 1982.6, 733.2
961.8, 1131.8, -6.3
690.0, 445.4, -111.2
763.7, -92.2, -392.7
707.6, -808.8, -623.5
697.4, -933.2, -1092.3
825.7, -1482.0, -1094.7
721.3, -1112.8, -1337.2
668.1, -741.5, -1218.1
590.0, -922.5, -949.8
630.0, -1094.2, -724.4
939.9, 270.3, 35.1
869.1, -157.6, -484.9
934.5, 317.1, 156.1
969.2, 1163.0, 401.0
922.8, 2228.0, 602.0
969.2, 2596.8, 748.3
967.7, 2744.6, 1130.8
932.6, 2605.1, 1223.5
922.8, 2150.4, 895.2
845.2, 944.9, 100.0
779.3, 608.8, -238.6
780.8, 118.5, -255.1
656.4, -597.6, -624.9
689.5, -1047.4, -886.9
929.2, -1522.5, -958.6
963.3, -1480.6, -1268.9
896.0, -802.5, -1183.0
764.7, -1093.7, -937.6
767.6, -808.3, -479.5
942.3, -440.5, -262.5
917.9, 160.0, 346.9
971.1, 446.9, 137.1
1152.2, 893.2, 311.7
915.5, 1909.4, 666.4
829.6, 2968.5, 946.9
852.0, 2975.8, 1003.0
780.3, 2640.2, 1284.5
1019.4, 1196.7, 424.4
913.5, 1242.0, 225.4
772.5, 489.3, -377.6
719.3, -33.7, -236.1
580.2, -510.8, -460.0
728.1, -874.2, -838.6
732.0, -1346.4, -967.9
859.9, -1446.4, -1211.3
830.1, -704.9, -1262.0
750.1, -837.6, -980.6
714.9, -1047.9, -455.6
938.9, 209.8, -85.9
969.7, 14.1, 61.5
743.7, 405.9, 215.6
1103.4, 845.4, 235.1
1000.4, 1651.3, 539.1
910.1, 2649.9, 698.6
893.0, 2928.0, 1176.7
840.8, 2666.5, 1212.3
919.4, 1720.1, 622.5
881.3, 1108.4, 118.1
797.4, 792.7, -57.1
747.1, 167.8, -291.2
673.0, -326.4, -395.1
685.2, -881.5, -703.5
747.6, -1126.9, -927.9
761.8, -1367.4, -1097.1
890.6, -807.9, -1191.8
807.2, -888.4, -1119.6
780.8, -1061.5, -639.1
874.5, -123.4, -276.1
950.6, 75.1, -0.5
824.7, 276.1, 132.7
1130.2, 604.4, 264.4
917.0, 1594.7, 594.7
911.1, 2735.8, 762.5
901.8, 2913.9, 1015.7
881.3, 2765.1, 1273.3
1013.6, 1636.2, 552.7
941.4, 1208.9, 335.1
800.8, 720.5, -39.5
823.3, 53.7, -201.0
577.8, -282.9, -235.6
607.1, -516.6, -589.3
701.7, -840.1, -709.3
798.9, -922.0, -696.6
-,-,-
855.0, -1082.5, -1353.3
758.8, -913.2, -851.8
698.3, -647.8, -667.4
817.4, -15.6, -439.1
1037.0, -239.5, -628.3
673.0, 361.0, -51.2
1021.9, 759.1, 95.6
1108.7, 1185.0, 253.7
972.1, 1931.3, 862.5
1019.9, 2174.3, 1075.2
911.1, 1805.0, 1003.0
917.9, 1335.2, 439.1
985.3, 816.6, 116.1
872.1, 179.0, -149.8
627.6, -288.3, -550.3
651.5, -581.5, -913.2
709.1, -674.2, -1289.4
569.0, -343.4, -1441.6
369.9, -665.4, -1286.9
373.8, -665.4, -1171.3
658.8, -302.0, -669.3
860.3, 212.2, -293.7
1087.8, 363.0, 1.5
1024.3, 763.0, 232.2
1026.3, 1546.9, 686.4
1009.7, 1979.2, 943.5
1038.5, 2110.9, 1270.8
979.9, 1998.7, 1293.3
1077.5, 1447.4, 904.5
989.2, 472.2, -295.6
988.2, -243.4, -773.2
543.6, -534.2, -894.7
485.6, -887.4, -1154.7
560.2, -694.2, -1382.0
471.9, -741.5, -1231.3
534.8, -408.3, -1085.9
589.0, -373.2, -968.4
588.5, -240.5, -724.4
706.1, 31.7, -400.5
838.4, 848.3, 204.9
1016.5, 1509.4, 582.0
1079.9, 1751.8, 810.3
1092.6, 1767.4, 982.0
1105.8, 1735.2, 785.4
1143.4, 1361.6, 439.1
981.4, 678.1, 354.7
1028.2, 618.1, -82.9
940.9, 67.3, -279.0