-,-,-
-591.9, 223.9, 123.9
-502.2, 100.0, 6.8
-500.2, 14.6, 110.7
-504.1, 25.9, 206.4
-520.7, 175.1, 182.5
-542.7, 169.8, 126.8
-622.7, 121.0, 14.6
-662.7, 143.9, -42.4
-680.3, 457.1, 235.6
-775.4, 461.5, -22.0
-782.3, 474.2, -51.7
-816.4, 797.1, -37.6
-862.3, 1015.7, 182.9
-860.3, 1220.1, 311.7
-940.4, 1364.5, 102.0
-1001.9, 1425.5, 227.8
-978.4, 1362.0, 221.5
-934.5, 1268.9, 204.9
-995.0, 1173.2, 220.5
-948.7, 1165.0, 144.4
-844.2, 1133.2, 39.0
-777.9, 904.5, 10.7
-880.8, 737.1, 151.7
-739.8, 756.6, 68.3
-648.1, 396.1, -27.8
-591.5, 252.7, 152.2
-592.4, 306.8, 42.4
-540.2, 153.2, 39.0
-536.3, 48.8, 60.5
-544.1, 55.6, 117.6
-546.6, 173.7, 123.4
-564.6, 212.2, 156.6
-635.9, 170.3, 3.9
-646.6, 103.4, -126.3
-678.3, 299.5, -26.8
-800.8, 487.3, 234.6
-744.7, 460.0, 8.8
-808.6, 512.2, -61.5
-888.6, 813.7, 106.3
-822.8, 845.9, 42.9
-802.8, 1088.9, 208.8
-930.1, 1298.1, 116.1
-939.9, 1460.6, 217.6
-974.5, 1490.3, 278.6
-868.2, 1345.5, 228.3
-879.9, 1259.1, 194.2
-838.9, 1165.4, 80.5
-842.8, 1123.0, 202.0
-812.5, 1018.1, 47.3
-822.8, 766.4, 26.8
-856.4, 752.2, 295.6
-659.8, 526.9, 35.1
-577.8, 236.6, -31.2
-580.2, 172.7, 202.0
-565.6, 134.2, -71.2
-570.5, 11.7, 98.1
-567.1, 7.8, 54.1
-574.4, 101.5, 107.8
-584.6, 199.0, 138.1
-592.9, 156.6, 90.7
-695.9, 70.7, -11.2
-709.1, 378.1, 125.9
-792.5, 466.9, -98.5
-781.8, 528.3, -45.9
-816.4, 842.0, 75.1
-872.1, 1069.8, 182.0
-747.6, 1015.2, 17.6
-850.1, 1219.6, 167.8
-916.5, 1340.6, 72.2
-886.7, 1281.5, 258.1
-902.3, 1256.2, 183.4
-927.2, 1149.3, 202.9
-881.3, 1156.7, 134.6
-819.4, 1062.5, 51.2
-807.2, 781.5, 107.3
-829.1, 707.4, 85.9
-771.5, 727.4, 166.4
-734.9, 566.4, -23.4
-654.9, 267.8, -4.4
-634.9, 240.0, 24.9
-566.6, 117.1, -35.6
-600.7, 43.4, 109.8
-578.3, 164.9, 112.2
-584.1, 205.4, 139.0
-556.8, 121.0, 35.6
-660.8, 110.7, 25.9
-710.0, 171.2, -38.1
-754.4, 383.0, 277.6
-844.7, 421.5, -95.1
-888.6, 695.2, 55.1
-977.5, 818.6, 197.6
-873.5, 964.5, -62.4
-979.4, 1228.4, 94.2
-912.6, 1315.2, 186.8
-950.6, 1442.0, 234.2
-941.4, 1461.6, 199.0
-913.5, 1302.5, 365.4
-921.8, 1237.2, 222.0
-863.8, 1133.2, 48.3
-882.3, 1117.6, 260.5
-703.2, 1002.5, -9.8
-575.8, 563.0, 3.4
-798.4, 522.5, 235.6
-744.2, 625.9, 139.0
-677.8, 285.9, 8.8
-599.3, 87.3, 80.0
-504.6, 59.0, -13.7
-490.9, -27.8, 177.6
-480.2, 36.6, 160.5
-481.7, 142.9, 215.6
-474.3, 142.0, 200.0
-497.8, 54.1, 30.2
-601.2, 26.8, -16.1
-621.7, 260.5, 176.1
-724.7, 368.3, 22.9
-764.7, 413.2, -42.0
-861.3, 884.9, 107.8
-751.0, 894.7, -50.7
-886.7, 1190.8, 98.1
-949.2, 1281.5, 147.8
-,-,-
-925.7, 1350.3, 233.7
-933.5, 1399.1, 163.4
-1000.4, 1263.0, 324.4
-964.8, 1237.6, 175.6
-984.3, 1197.2, 200.5
-991.6, 1101.5, 136.1
-828.6, 1014.2, 64.9
-701.7, 766.9, -11.7
-831.1, 703.9, 164.4
-792.5, 772.7, 249.3
-669.0, 549.8, 0.5
-601.7, 249.8, 78.5
-671.0, 282.5, 157.1
-604.1, 186.4, -21.0
-608.5, 34.6, 171.2
-595.8, 70.7, 139.0
-594.9, 215.1, 188.3
-587.1, 220.0, 162.0
-609.5, 208.3, 108.8
-673.9, 164.9, 35.6
-701.7, 113.7, -47.8
-624.2, 298.1, -267.3
-894.5, 573.2, 311.7
-627.1, 575.6, -136.1
-822.3, 1121.5, 274.7
-749.6, 1084.0, -61.5
-931.1, 1326.9, 322.9
-942.3, 1431.8, 235.1
-987.7, 1442.5, 272.7
-945.3, 1279.6, 269.8
-977.5, 1234.7, 196.1
-934.5, 1157.2, 214.6
-862.8, 1132.3, 105.4
-813.0, 890.8, 161.0
-695.9, 768.3, 215.6
-748.1, 756.6, 146.4
-633.4, 513.2, 42.0
-559.7, 320.5, 246.8
-593.4, 305.4, 20.0
-555.8, 164.9, 114.2
-526.1, 20.5, 64.9
-569.5, 28.8, 131.7
-570.0, 209.8, 202.9
-571.9, 212.7, 162.4
-625.6, 195.6, 68.3
-713.0, 131.7, -28.3
-721.3, 183.9, -13.7
-808.1, 436.6, 43.9
-866.2, 587.8, 32.2
-805.7, 593.2, -159.5
-850.1, 863.5, -67.8
-857.4, 1098.1, 235.6
-907.7, 1274.2, 201.0
-958.9, 1345.9, 227.3
-933.5, 1376.2, 246.8
-886.7, 1183.5, 261.5
-887.2, 1174.2, 176.1
-895.0, 1112.8, 204.9
-836.4, 1080.6, 167.3
-771.5, 1061.5, 115.6
-757.9, 911.8, 74.6
-690.5, 711.8, 267.8
-690.0, 548.3, 124.4
-630.0, 332.2, 72.7
-663.2, 298.6, 222.9
-580.2, 211.2, 40.0
-622.7, 114.6, 102.4
-618.3, 128.8, 91.2
-584.1, 177.6, 126.8
-614.9, 256.1, 163.9
-663.2, 189.3, 50.7
-719.8, 117.1, -97.1
-788.1, 243.4, -27.8
-786.2, 429.3, 263.4
-767.1, 462.5, 149.3
-774.9, 436.1, -127.8
-824.7, 587.8, -168.3
-793.5, 830.3, 136.1
-808.1, 958.6, 39.5
-838.4, 1214.2, 63.9
-881.3, 1280.6, 202.0
-921.3, 1373.3, 280.5
-901.3, 1377.7, 239.5
-817.9, 1253.3, 288.3
-829.1, 1206.9, 231.7
-719.3, 1166.9, 102.4
-679.3, 1095.7, 234.6
-710.5, 1076.7, 61.5
-716.9, 833.2, -4.9
-721.8, 564.4, 156.1
-614.4, 579.6, 63.4
-570.5, 248.8, 22.0
-505.6, 85.4, 87.3
-649.5, 119.0, 78.5
-639.3, 35.1, 85.4
-632.4, -7.8, 83.9
-662.2, 91.2, 94.2
-698.3, 221.0, 169.3
-775.9, 159.0, 43.9
-821.3, 145.9, -27.3
-808.6, 272.2, -225.4
-967.2, 468.3, 161.0
-847.7, 509.3, -128.8
-808.6, 630.8, -189.8
-848.1, 964.9, 133.7
-752.5, 985.4, -29.3
-931.6, 1215.2, 297.1
-889.1, 1362.0, 148.3
-904.3, 1401.1, 249.8
-841.8, 1237.2, 277.1
-869.1, 1169.3, 190.3
-891.6, 1044.9, 187.3
-862.8, 1070.8, 158.1
-676.4, 1002.0, 87.8
-571.0, 786.4, 38.5
-649.5, 569.3, 184.9
-774.5, 669.8, 317.6
-656.4, 383.4, 137.1
-589.0, 238.6, 82.0
-651.5, 243.4, 165.4
-,-,-
-614.9, 169.3, 58.1
-642.2, 86.3, 109.8
-640.3, 111.7, 81.5
-664.2, 238.1, 152.2
-665.6, 235.6, 108.3
-733.0, 182.9, 33.2
-772.5, 217.1, -107.8
-760.3, 455.2, 226.8
-737.9, 490.3, -89.8
-861.3, 564.4, 45.4
-787.6, 786.9, 137.6
-906.7, 995.7, 320.5
-808.6, 1018.1, -45.9
-899.4, 1214.2, 200.5
-879.4, 1371.3, 252.2
-818.4, 1257.2, 315.1
-843.8, 1219.1, 207.3
-867.7, 1102.0, 225.4
-837.4, 1091.3, 184.9
-791.5, 1079.1, 86.8
-678.8, 942.5, 36.6
-732.5, 700.0, 186.8
-699.8, 663.0, 176.1
-709.6, 692.7, 142.4
-625.1, 361.0, 24.4
-679.3, 295.1, 67.8
-600.7, 132.7, -14.6
-658.8, 78.5, 62.4
-627.1, 99.0, 113.7
-639.8, 202.5, 82.9
-657.8, 234.6, 144.4
-667.1, 203.4, 42.9
-755.9, 162.0, -4.4
-764.2, 129.8, -73.2
-815.0, 473.2, -1.0
-847.2, 416.6, -13.7
-809.6, 660.5, -14.6
-895.0, 903.0, 182.5
-694.4, 885.4, -31.2
-835.0, 1119.6, 211.7
-875.0, 1247.9, 127.3
-847.2, 1388.4, 281.5
-814.0, 1452.8, 236.1
-813.5, 1283.0, 197.1
-869.6, 1174.2, 196.6
-835.0, 1110.3, 236.1
-801.8, 1133.2, 159.5
-633.9, 930.8, 6.3
-774.9, 610.3, 115.1
-840.3, 719.1, 476.6
-683.7, 768.8, 73.7
-614.4, 402.0, 77.1
-675.4, 267.8, 156.1
-603.7, 89.8, 61.5
-637.3, 14.1, 95.6
-609.5, 47.3, 66.8
-628.5, 175.1, 124.4
-655.9, 256.1, 118.1
-673.0, 204.9, 37.6
-770.6, 174.2, -29.8
-838.4, 96.6, -159.5
-808.1, 376.6, 11.2
-892.6, 453.2, 102.0
-785.2, 633.2, -50.7
-899.9, 972.7, 201.0
-800.3, 1023.5, 200.5
-816.9, 1050.3, -18.0
-954.5, 1295.2, 287.8
-884.3, 1337.6, 181.0
-845.7, 1405.9, 247.8
-795.4, 1222.5, 312.7
-722.2, 1104.5, 264.9
-748.1, 1114.7, 256.1
-625.1, 1061.5, 117.1
-659.3, 861.5, 95.6
-678.3, 643.0, 50.7
-675.4, 677.6, 283.4
-673.0, 505.9, 27.3
-607.6, 256.6, 64.9
-652.0, 285.9, 215.6
-596.8, 199.5, -44.4
-658.8, 55.6, 29.8
-690.5, 204.9, 91.7
-717.8, 246.8, 77.6
-743.7, 210.3, 39.5
-837.9, 185.9, -53.7
-880.8, 108.8, -179.5
-822.8, 396.6, -115.1
-858.4, 595.2, 198.5
-932.6, 450.3, -70.2
-958.9, 959.6, 296.1
-785.7, 1004.0, 55.6
-771.0, 1079.1, 69.3
-858.9, 1256.7, 243.9
-784.2, 1376.7, 225.4
-779.3, 1424.0, 290.8
-710.5, 1232.3, 361.0
-723.7, 1239.1, 264.4
-725.2, 1145.0, 280.5
-646.1, 1052.8, 120.0
-683.2, 813.7, 120.0
-760.8, 522.0, 84.4
-789.6, 617.1, 310.8
-704.7, 481.5, 11.7
-631.0, 183.4, 85.4
-673.4, 174.6, 83.4
-708.1, 160.0, 3.9
-697.4, 36.1, 55.6
-716.9, 236.6, 118.1
-688.1, 182.9, 30.2
-773.0, 187.3, 50.7
-776.4, 169.8, -11.7
-726.1, 191.7, -83.4
-686.1, 385.9, 96.1
-771.0, 501.0, 144.9
-728.6, 669.8, -105.9
-874.5, 903.5, 259.5
-742.7, 935.7, 82.4
-930.6, 1266.9, 276.6
-872.5, 1409.8, 239.5
-,-,-
-943.8, 1436.7, 211.2
-870.1, 1220.1, 320.5
-901.3, 1224.0, 180.0
-906.7, 1081.5, 245.4
-827.2, 1113.2, 187.8
-750.5, 1083.5, 100.5
-615.4, 936.6, 47.8
-803.2, 546.4, 378.1
-699.3, 657.1, 35.6
-628.5, 358.6, -82.0
-630.5, 164.9, 69.8
-580.7, 193.2, 21.5
-554.9, 117.6, 42.4
-567.1, 37.6, 76.1
-602.7, 96.1, 71.7
-614.4, 245.9, 138.1
-676.4, 222.5, 37.6
-814.0, 209.8, 34.1
-848.1, 160.5, -155.1
-841.3, 347.3, 153.7
-731.5, 538.1, -30.2
-888.2, 513.2, -40.5
-878.4, 817.1, 130.7
-947.2, 917.1, 228.8
-799.3, 996.7, -36.6
-930.1, 1278.6, 144.9
-902.3, 1357.2, 260.5
-872.5, 1359.6, 266.4
-802.3, 1212.8, 269.8
-851.1, 1183.0, 180.5
-863.8, 1081.5, 190.3
-799.8, 1096.7, 222.0
-722.7, 1059.6, 88.8
-555.3, 894.7, 57.6
-598.3, 501.5, -28.8
-662.2, 572.7, -10.7
-647.1, 324.9, -37.6
-635.4, 164.9, 69.8
-605.6, 158.1, 30.7
-605.1, 118.1, 81.5
-631.5, 61.0, 51.2
-663.2, 231.7, 113.7
-660.3, 242.9, 93.7
-683.7, 197.1, 25.4
-824.7, 226.8, -13.7
-854.5, 302.5, 30.2
-758.4, 432.7, -65.4
-847.2, 563.0, -68.8
-852.5, 834.7, 211.2
-880.8, 915.7, 175.6
-797.9, 1024.9, 32.7
-914.5, 1200.1, 222.0
-917.9, 1330.3, 179.0
-839.4, 1379.6, 238.6
-777.9, 1238.1, 220.0
-825.7, 1151.8, 236.6
-868.6, 1117.1, 208.8
-745.2, 1132.3, 148.3
-669.5, 1039.6, 57.6
-622.2, 813.7, 27.3
-853.5, 703.5, 380.5
-778.4, 764.0, 130.7
-673.9, 526.9, -29.3
-689.5, 297.1, 70.7
-638.8, 144.9, -10.7
-684.7, 51.7, 80.0
-654.4, 23.4, -10.2
-666.1, 148.8, 68.3
-673.0, 255.6, 129.8
-679.3, 226.8, 75.6
-727.6, 235.1, 48.3
-761.3, 134.2, -121.0
-681.7, 430.8, 138.5
-829.6, 629.3, 401.0
-732.0, 478.1, -215.1
-877.4, 853.7, 102.0
-816.4, 993.2, 260.5
-730.0, 1040.1, 173.7
-800.8, 1142.0, 49.3
-856.0, 1309.4, 298.1
-840.3, 1382.0, 236.1
-797.9, 1211.8, 174.6
-817.9, 1125.9, 258.1
-806.7, 1096.2, 181.5
-718.3, 1096.2, 137.6
-638.8, 1050.3, 49.8
-728.1, 859.6, 127.8
-655.9, 734.7, 281.0
-697.8, 622.5, 83.9
-610.5, 369.8, 127.8
-591.0, 281.0, 95.6
-687.6, 42.4, 101.5
-673.4, -11.7, -60.0
-761.8, 122.0, 95.6
-748.6, 284.4, 93.7
-771.0, 248.3, 58.5
-833.5, 238.1, 2.4
-907.7, 195.1, -93.7
-969.7, 250.7, -21.0
-744.2, 438.6, -139.5
-835.0, 437.1, -201.0
-911.6, 627.4, -92.7
-922.8, 905.4, 314.7
-716.4, 1008.4, 102.9
-774.5, 1156.7, 93.2
-798.9, 1320.6, 260.0
-790.1, 1404.5, 292.7
-703.7, 1496.2, 276.1
-635.4, 1332.3, 398.1
-765.2, 1183.5, 276.1
-741.8, 1159.6, 175.6
-607.6, 1032.8, 85.9
-576.3, 744.0, 0.0
-784.2, 650.8, 468.8
-719.3, 698.1, 101.0
-654.9, 325.9, -115.1
-656.8, 182.0, 122.9
-681.7, 201.5, 73.2
-680.8, -25.9, 81.0
-680.8, 29.3, 52.2
-,-,-
-723.2, 221.0, 121.5
-719.8, 200.5, 72.2
-739.8, 132.7, -56.6
-876.4, 134.2, -12.7
-812.0, 206.4, -110.7
-790.6, 399.1, 16.1
-939.4, 462.0, 253.2
-781.3, 461.0, -244.4
-823.7, 939.1, 153.2
-794.0, 1058.1, 89.8
-881.8, 1328.9, 188.3
-803.7, 1380.1, 250.7
-793.0, 1475.7, 273.2
-782.8, 1374.2, 373.7
-702.2, 1347.9, 261.0
-774.0, 1290.8, 213.7
-823.3, 1152.8, 168.3
-632.4, 1000.1, 30.2
-424.1, 641.0, 66.3
-748.1, 468.8, 275.1
-739.8, 580.0, 169.8
-732.0, 345.4, -59.0
-752.0, 200.0, 52.2
-744.2, 117.6, 64.4
-695.9, 56.6, -20.0
-702.2, 8.8, 40.5
-747.6, 176.6, 98.1
-758.4, 164.9, 21.5
-818.4, 170.3, 19.0
-870.1, 165.4, -50.7
-678.8, 377.6, 58.5
-687.6, 375.1, -137.6
-859.4, 553.2, 119.5
-842.8, 676.1, 66.3
-804.7, 904.5, 158.1
-826.2, 1159.6, -11.7
-688.1, 1326.9, 122.4
-736.4, 1456.2, 271.2
-793.5, 1426.9, 303.4
-667.6, 1230.3, 312.7
-814.0, 1235.7, 329.3
-849.1, 1192.3, 236.6
-825.2, 1157.2, 178.1
-679.3, 1100.1, 14.1
-399.2, 774.7, 132.2
-942.8, 741.0, 434.2
-598.8, 544.9, -37.6
-776.4, 341.5, -51.2
-734.0, 164.4, -35.1
-723.2, 94.6, -20.5
-742.7, 102.9, 33.2
-702.2, 8.3, -15.6
-746.6, 28.3, 40.0
-758.8, 196.1, 90.7
-853.5, 164.4, -37.1
-896.5, 166.4, -50.7
-805.7, 256.1, -70.7
-795.9, 411.2, -119.0
-779.8, 448.8, 92.7
-766.6, 585.4, 7.3
-902.8, 794.2, 168.8
-759.3, 955.7, 75.6
-732.5, 1126.9, -25.4
-844.2, 1317.6, 264.4
-741.8, 1500.6, 322.0
-713.0, 1307.9, 431.7
-680.8, 1289.4, 238.1
-774.5, 1182.0, 249.8
-767.1, 1126.4, 175.1
-693.9, 1052.3, 194.6
-633.4, 922.5, 29.8
-441.6, 595.6, 110.3
-813.5, 613.7, 394.2
-721.3, 345.4, -88.8
-720.3, 188.3, -27.8
-778.8, 185.4, 48.3
-753.0, 150.7, 10.7
-754.4, 53.2, -33.7
-781.3, 58.1, 22.0
-806.2, 207.3, 83.9
-779.3, 216.1, 49.3
-820.8, 137.6, -89.3
-882.8, 203.4, -113.2
-784.7, 393.7, -160.5
-849.1, 456.1, 64.4
-754.4, 492.2, -124.4
-903.8, 738.1, 132.7
-802.3, 1013.7, 195.1
-648.6, 1114.2, -16.6
-796.9, 1306.4, 254.7
-745.7, 1441.6, 376.6
-695.9, 1381.6, 441.5
-650.0, 1379.6, 292.2
-708.6, 1272.3, 245.4
-854.0, 1121.1, 378.6
-663.2, 1074.2, 138.1
-640.7, 920.5, -4.4
-643.7, 509.3, 181.0
-889.6, 641.5, 393.7
-712.0, 530.3, -102.4
-728.6, 193.2, -6.3
-796.9, 125.4, 70.2
-752.0, 91.7, -33.7
-755.9, 22.0, -37.1
-818.9, 163.9, 39.0
-774.5, 194.6, 18.0
-802.3, 122.4, -98.5
-883.3, 85.4, -143.9
-873.0, 150.7, -105.4
-815.4, 362.5, -112.7
-770.1, 485.4, -190.7
-838.9, 764.0, 24.9
-874.5, 979.6, 230.7
-724.2, 1124.5, 53.2
-820.3, 1314.7, 241.0
-789.1, 1452.8, 445.9
-691.5, 1486.0, 284.9
-717.4, 1328.9, 458.6
-685.6, 1337.2, 282.5
-688.1, 1250.8, 274.7
-,-,-
-790.6, 1022.5, 251.2
-626.6, 932.7, 137.6
-530.9, 654.2, 32.7
-833.5, 573.7, 367.3
-650.0, 629.3, 64.9
-664.7, 319.0, -126.8
-730.5, 155.1, 25.9
-742.7, 123.4, 104.4
-713.5, 127.8, 33.2
-755.9, 99.5, 36.1
-773.0, 229.3, 82.4
-754.9, 213.7, 11.2
-814.0, 141.0, -110.7
-905.7, 130.7, -151.7
-815.0, 296.6, 57.1
-853.0, 432.7, 59.5
-832.5, 488.3, -76.1
-915.0, 576.1, -60.5
-866.7, 1025.9, 232.2
-746.6, 1114.2, 69.8
-860.8, 1254.2, 171.7
-821.8, 1347.9, 337.1
-783.2, 1413.3, 334.7
-690.0, 1236.7, 430.3
-693.9, 1251.8, 248.3
-689.5, 1165.4, 188.3
-765.7, 1049.8, 334.7
-675.9, 870.3, 124.9
-607.1, 674.2, 85.4
-703.2, 617.6, 399.5
-611.5, 658.1, 53.2
-661.7, 416.6, 11.2
-674.9, 256.6, 74.6
-734.0, 155.6, 74.2
-707.1, 173.7, 21.0
-714.9, 83.4, -25.4
-750.1, 54.1, -8.8
-751.5, 254.2, 57.1
-784.2, 170.7, -48.8
-878.9, 171.7, -42.9
-818.9, 196.6, -118.5
-798.4, 385.4, -22.9
-914.0, 473.2, 112.2
-744.7, 545.9, -52.7
-857.9, 727.9, -18.0
-903.8, 940.6, 403.0
-794.5, 1152.8, 226.8
-813.5, 1268.4, 200.5
-810.1, 1340.6, 332.2
-794.0, 1374.2, 268.8
-729.1, 1189.8, 377.6
-770.6, 1190.8, 202.9
-746.6, 1069.8, 212.2
-847.7, 972.3, 248.8
-720.8, 921.0, 121.0
-589.0, 611.7, 43.4
-779.3, 638.6, 384.9
-607.1, 651.8, -8.3
-682.2, 474.2, 61.0
-694.9, 279.0, -82.4
-697.4, 200.0, 7.8
-702.2, 145.9, 21.5
-736.4, 144.9, 36.6
-720.8, 100.0, -6.3
-745.7, 233.7, 40.0
-790.1, 177.6, -28.3
-834.5, 134.2, -82.9
-847.2, 244.9, 3.4
-803.2, 424.9, 108.8
-823.7, 465.4, -43.9
-828.6, 528.3, -88.8
-822.3, 789.3, 54.1
-873.5, 983.5, 202.5
-716.4, 1121.5, 23.9
-853.0, 1358.6, 325.9
-777.4, 1438.6, 265.9
-728.1, 1265.4, 405.9
-716.4, 1292.8, 228.3
-721.8, 1162.0, 220.5
-759.3, 1077.1, 259.5
-796.9, 984.0, 181.5
-716.9, 898.1, 136.6
-598.8, 573.7, 2.9
-617.3, 565.9, -3.4
-693.0, 326.4, -21.5
-713.0, 215.6, 44.9
-721.8, 136.6, 105.9
-709.1, 88.3, 60.5
-695.9, 35.6, -18.5
-764.2, 179.0, 101.0
-719.3, 176.6, 28.8
-764.7, 153.7, -10.7
-830.1, 123.4, -62.9
-858.9, 415.1, 132.2
-780.8, 418.1, -4.4
-869.6, 470.8, -119.0
-915.0, 802.0, 201.5
-747.6, 916.6, 110.3
-751.0, 1077.6, 27.8
-839.8, 1225.0, 217.1
-793.5, 1357.2, 317.1
-754.4, 1382.5, 238.1
-754.0, 1258.6, 252.7
-764.7, 1226.4, 129.8
-811.5, 1125.0, 317.6
-797.4, 1072.8, 305.4
-680.3, 959.1, 69.3
-570.5, 777.1, 155.1
-671.5, 567.8, 179.0
-803.2, 640.0, 364.9
-556.3, 550.3, -119.5
-792.0, 211.2, 110.3
-737.9, 107.3, -23.9
-778.4, 101.0, 50.7
-727.1, 45.9, -72.7
-763.7, 97.6, 21.0
-779.3, 221.0, 50.2
-767.6, 168.3, -17.1
-824.7, 83.4, -75.1
-818.4, 103.4, -91.7
-,-,-
-867.2, 411.7, 28.8
-820.3, 508.3, -9.3
-868.2, 601.0, -107.3
-853.5, 877.6, 192.2
-741.3, 1048.9, 110.3
-766.2, 1143.5, 93.7
-836.4, 1296.2, 372.7
-781.3, 1398.6, 291.7
-795.4, 1422.0, 334.2
-754.0, 1246.9, 416.6
-787.6, 1142.5, 182.0
-795.9, 1003.0, 363.9
-821.8, 976.7, 150.7
-713.5, 799.6, 143.9
-651.5, 653.7, 50.2
-608.0, 471.3, 120.0
-798.4, 594.2, 189.3
-600.2, 447.8, -80.0
-741.3, 318.1, 55.1
-676.9, 144.4, -5.4
-720.3, 110.3, 69.3
-732.5, 102.0, 22.0
-766.2, 229.3, 82.0
-743.7, 193.7, 15.1
-794.0, 201.0, 5.4
-814.0, 182.0, -89.8
-822.3, 305.4, -59.0
-803.2, 360.5, -42.0
-834.0, 627.4, 114.6
-780.8, 802.5, 95.6
-824.7, 961.5, 310.3
-843.8, 1118.1, 3.4
-829.6, 1231.3, 286.4
-746.6, 1301.6, 265.4
-727.1, 1347.9, 256.1
-811.5, 1297.2, 376.1
-650.0, 1215.7, 313.7
-657.3, 1130.8, 195.6
-702.7, 1030.8, 191.7
-670.0, 955.7, 171.2
-660.8, 757.1, 116.6
-762.7, 564.4, 152.2
-759.3, 629.8, 201.0
-561.2, 434.7, 84.9
-708.1, 368.3, 20.0
-663.7, 290.8, 10.7
-732.0, 158.5, -26.8
-750.1, 126.8, 27.3
-802.8, 217.6, 64.9
-806.2, 233.7, 14.6
-828.1, 265.4, 9.8
-881.8, 282.9, -28.3
-858.9, 326.4, -47.3
-890.1, 536.1, 76.1
-687.1, 577.6, -170.7
-786.7, 838.1, 251.2
-779.3, 1012.8, 190.7
-861.3, 1144.0, 300.5
-742.2, 1227.4, 165.9
-752.5, 1284.0, 288.8
-715.4, 1152.3, 366.4
-712.5, 1186.9, 198.1
-750.5, 1153.2, 328.8
-651.5, 1168.4, 165.9
-589.5, 1085.4, 174.6
-556.3, 886.9, 124.9
-685.2, 786.9, 213.2
-701.3, 619.6, 83.4
-627.6, 350.8, -22.4
-764.2, 302.5, 123.4
-713.9, 213.7, -20.5
-738.3, 69.3, -81.0
-796.4, 60.0, 71.2
-796.4, 133.2, 20.5
-834.5, 230.3, 77.1
-847.2, 245.4, -3.9
-937.0, 247.8, -48.3
-911.6, 251.7, -127.8
-845.2, 348.3, -227.3
-963.3, 719.6, 527.4
-684.2, 756.1, -160.0
-933.1, 936.2, 469.8
-729.6, 1007.4, -1.5
-817.4, 1177.6, 292.2
-732.0, 1308.4, 354.2
-705.6, 1310.3, 347.8
-670.5, 1181.5, 324.9
-645.1, 1166.4, 301.0
-637.3, 1106.9, 285.9
-621.7, 1054.2, 205.9
-643.7, 910.8, 151.7
-668.6, 721.0, 144.9
-731.0, 680.0, 224.9
-645.1, 288.8, -23.9
-699.3, 310.3, 61.5
-699.3, 243.9, -29.8
-730.0, 147.8, 10.7
-737.9, 143.9, 9.8
-744.2, 216.1, 49.3
-770.6, 266.8, 71.2
-779.8, 230.3, 3.9
-859.4, 177.1, -94.6
-889.6, 180.0, -97.1
-906.7, 465.4, -118.5
-921.3, 515.6, 107.3
-793.0, 594.7, -140.5
-901.8, 960.6, 198.5
-813.0, 1031.8, 237.6
-718.3, 1131.3, 61.5
-825.7, 1302.5, 409.8
-702.7, 1392.3, 200.0
-733.5, 1361.6, 395.1
-680.3, 1238.6, 366.4
-670.0, 1155.2, 303.4
-579.3, 1051.8, 175.6
-577.3, 935.2, 179.5
-747.1, 617.1, 20.0
-791.0, 617.1, 352.7
-736.4, 578.1, 40.5
-692.0, 319.0, -45.9
-,-,-
-636.8, 202.0, 38.1
-730.0, 115.1, -53.2
-790.1, 66.8, 39.5
-807.2, 201.5, 40.5
-805.7, 252.2, 63.4
-814.0, 155.6, -77.1
-918.4, 162.0, 36.6
-892.6, 181.5, -202.5
-963.8, 428.8, 257.1
-857.9, 497.6, 105.4
-835.9, 771.8, 42.4
-856.9, 932.7, 145.9
-743.7, 1083.5, 186.8
-714.4, 1204.0, 160.0
-741.3, 1368.4, 216.1
-736.4, 1444.5, 351.7
-641.2, 1318.6, 421.5
-608.0, 1317.6, 245.9
-641.7, 1219.6, 285.4
-657.8, 1139.6, 306.8
-587.1, 764.4, 88.8
-718.8, 667.4, 316.6
-653.4, 721.0, 209.8
-741.8, 526.9, 40.0
-702.7, 266.4, -3.4
-753.5, 216.6, 92.2
-765.7, 182.9, 29.3
-739.3, 87.8, -25.9
-762.3, 41.0, -20.0
-815.0, 260.0, 40.0
-823.7, 159.5, -115.6
-917.0, 146.8, -49.8
-912.6, 168.8, -159.5
-885.7, 386.9, 128.3
-922.3, 506.9, 171.2
-709.6, 460.5, -202.5
-938.9, 729.3, 17.1
-860.8, 920.5, 97.6
-827.2, 1035.7, 175.1
-864.7, 1379.1, 179.5
-853.0, 1468.9, 442.5
-750.1, 1450.8, 261.0
-677.3, 1312.3, 353.7
-724.7, 1234.2, 267.8
-750.5, 1089.8, 240.0
-754.9, 1066.9, 258.6
-645.6, 946.9, 106.8
-493.9, 623.5, -5.4
-643.2, 691.3, 149.8
-643.2, 478.1, 23.9
-607.6, 227.8, -19.0
-662.7, 200.0, 82.0
-659.8, 221.5, 84.9
-624.2, 29.8, -31.7
-690.0, 17.6, 34.1
-729.1, 132.7, 62.0
-718.3, 218.6, 81.0
-752.5, 124.4, -112.7
-824.2, 151.7, -46.8
-812.5, 300.0, -41.0
-923.3, 455.6, 163.9
-927.2, 443.9, -65.4
-793.0, 511.7, -97.1
-941.4, 747.9, 158.1
-841.8, 876.6, 163.9
-814.0, 947.9, 51.2
-838.4, 1264.5, 223.9
-818.9, 1415.2, 284.4
-759.3, 1507.4, 305.9
-676.4, 1345.9, 383.9
-682.7, 1353.3, 140.5
-670.0, 1188.9, 380.0
-875.0, 1098.1, 355.1
-670.5, 927.4, 101.0
-647.6, 701.0, 12.7
-633.9, 447.3, 136.1
-654.9, 388.8, -106.8
-705.2, 154.2, -42.0
-759.8, 74.2, -6.8
-749.6, 60.5, 41.0
-770.6, 34.6, -4.9
-750.5, 116.1, -3.9
-785.2, 188.8, 76.1
-759.3, 145.9, -70.2
-803.2, 108.3, -110.7
-764.2, 490.8, 97.1
-698.3, 575.6, -12.2
-717.4, 637.1, 6.8
-787.6, 812.7, 57.1
-821.8, 973.2, 284.4
-733.0, 991.8, 156.6
-767.6, 1132.8, 185.4
-876.0, 1202.5, 172.2
-863.3, 1287.9, 308.3
-776.4, 1176.2, 222.5
-815.9, 1112.8, 247.8
-787.1, 1043.5, 148.8
-799.8, 1019.6, 222.9
-721.8, 965.4, 125.9
-608.0, 735.2, 56.1
-701.3, 613.2, 182.9
-719.3, 683.5, 120.5
-630.5, 615.2, 11.7
-674.9, 262.5, 10.7
-654.9, 189.8, 44.4
-688.6, 167.8, -4.9
-706.6, 121.5, -46.3
-736.9, 134.6, -7.3
-797.4, 273.2, 72.2
-798.4, 231.2, -23.4
-863.8, 182.0, -74.6
-906.2, 141.0, -127.3
-874.5, 259.0, -44.9
-871.6, 562.0, -43.9
-817.9, 674.7, 26.8
-936.5, 910.3, 108.3
-899.4, 1030.8, 58.5
-800.8, 1188.9, 158.5
-840.3, 1254.7, 212.7
-832.5, 1382.0, 246.8
-,-,-
-824.2, 1368.9, 325.9
-664.2, 1281.1, 310.8
-678.3, 1129.8, 195.6
-723.7, 991.8, 177.1
-693.9, 867.9, 237.1
-670.0, 705.4, 237.1
-643.7, 700.5, 94.6
-592.9, 549.3, 21.5
-696.4, 413.2, -2.9
-645.6, 219.5, 10.7
-694.4, 167.8, 82.0
-666.6, 152.7, 17.6
-704.7, 78.1, 15.6
-746.2, 211.2, 94.6
-744.2, 219.0, 58.1
-759.8, 132.7, -75.1
-844.7, 149.8, -54.6
-829.1, 252.2, -61.5
-759.3, 399.1, -92.7
-788.6, 503.4, -102.4
-790.1, 666.9, 15.1
-864.2, 1078.1, 318.6
-703.2, 1139.1, -4.4
-839.8, 1339.1, 357.1
-805.2, 1416.7, 223.9
-787.6, 1383.0, 290.8
-709.6, 1282.0, 249.8
-761.3, 1250.8, 264.9
-789.1, 1148.9, 248.8
-783.7, 995.2, 159.0
-732.5, 736.1, 210.3
-729.6, 704.4, 199.5
-710.0, 583.5, 59.5
-742.7, 461.0, 86.3
-666.6, 300.0, 55.1
-744.2, 289.8, 107.3
-708.6, 193.7, -12.2
-698.8, 116.6, 11.2
-741.3, 133.7, 41.5
-751.5, 265.9, 83.4
-735.9, 209.8, -49.8
-816.4, 194.6, -47.3
-809.6, 300.0, 41.5
-791.0, 454.7, 52.2
-795.9, 595.6, 202.9
-716.4, 622.5, -30.7
-705.2, 848.3, 124.9
-803.7, 1001.0, 222.5
-783.2, 1089.3, 216.1
-800.3, 1223.0, 282.9
-810.6, 1230.8, 291.7
-814.5, 1121.1, 362.0
-772.5, 1140.1, 203.9
-760.3, 1083.0, 257.6
-686.6, 1010.8, 196.1
-663.2, 941.5, 145.9
-696.4, 755.2, 130.7
-739.3, 674.7, 250.3
-700.3, 515.6, 122.9
-636.4, 413.7, 116.6
-663.2, 336.1, 77.1
-686.1, 245.4, 49.3
-712.5, 163.4, 39.5
-729.1, 150.3, 69.3
-731.0, 269.3, 98.5
-753.0, 296.1, 124.4
-772.0, 201.0, 17.1
-830.6, 291.2, 8.8
-865.7, 474.7, 182.5
-914.5, 465.4, 25.4
-862.3, 525.4, -7.8
-851.1, 734.7, 42.0
-841.8, 1017.6, 257.1
-747.6, 1112.8, 208.8
-734.0, 1185.0, 165.4
-773.0, 1329.4, 368.8
-675.4, 1253.7, 376.6
-701.7, 1289.4, 301.0
-726.6, 1185.9, 342.0
-650.5, 1099.6, 209.8
-622.7, 966.4, 154.6
-636.4, 731.8, 115.6
-730.5, 603.0, 285.9
-770.6, 532.2, 92.7
-727.1, 321.5, 103.9
-709.1, 267.8, 38.5
-710.0, 101.0, 33.7
-736.9, 86.3, 82.0
-726.1, 167.3, 96.6
-748.6, 249.8, 121.5
-726.1, 167.3, -26.3
-791.0, 157.1, 5.4
-820.3, 271.7, 18.0
-829.1, 414.7, 99.0
-964.3, 419.1, 171.2
-842.8, 507.8, -31.2
-848.1, 834.2, 104.4
-730.5, 918.1, 50.2
-817.9, 1146.9, 400.5
-718.8, 1350.8, 231.2
-697.8, 1425.5, 386.9
-675.4, 1497.2, 371.7
-597.8, 1358.6, 455.6
-660.8, 1335.7, 321.5
-750.5, 1176.2, 293.2
-574.9, 986.4, 141.0
-460.2, 678.6, 65.4
-826.7, 585.9, 414.2
-767.1, 679.6, 292.7
-782.3, 541.5, 82.9
-752.5, 324.9, 41.0
-723.7, 231.2, 37.6
-765.7, 180.0, 103.9
-742.2, 80.0, 2.4
-803.7, 131.2, 100.0
-777.9, 247.3, 99.0
-759.3, 208.8, 22.0
-795.0, 162.4, -88.3
-837.4, 187.3, -42.4
-857.9, 371.2, -24.4
-,-,-
-889.1, 480.5, 168.3
-850.1, 484.9, -13.7
-780.3, 595.6, 22.4
-772.0, 995.7, 233.2
-661.2, 1034.2, 171.7
-802.8, 1204.5, 416.6
-790.1, 1281.1, 219.0
-774.5, 1327.9, 367.3
-762.7, 1203.0, 361.0
-737.4, 1144.0, 236.1
-802.3, 1053.2, 355.1
-753.5, 1003.5, 250.3
-645.1, 847.9, 116.1
-641.7, 642.0, 102.0
-768.1, 610.8, 346.9
-689.1, 722.0, 105.4
-697.4, 552.2, 110.7
-680.3, 408.8, 34.1
-697.8, 373.2, 109.3
-654.9, 271.2, -3.4
-696.4, 193.2, 66.8
-707.6, 170.3, 23.9
-795.9, 266.8, 103.4
-817.9, 248.3, 17.6