-,-,-
-695.9, 897.1, -419.5
-600.2, 989.8, -555.2
-674.4, 1100.6, -366.4
-636.8, 1234.2, -323.4
-666.1, 1329.4, -231.7
-590.5, 1396.2, -248.8
-544.6, 1250.8, -95.6
-501.2, 1119.1, -168.3
-549.0, 1040.1, -356.1
-627.6, 940.6, -287.8
-704.2, 921.0, -311.2
-663.2, 811.8, -377.6
-547.0, 504.4, -358.1
-473.8, 559.1, -233.7
-415.8, 514.7, -387.8
-443.6, 376.1, -448.8
-500.2, 127.8, -472.7
-545.6, 168.8, -471.7
-591.0, 258.1, -495.6
-623.2, 306.8, -497.1
-632.9, 354.2, -555.6
-643.2, 364.4, -582.0
-664.2, 344.9, -616.1
-593.4, 345.4, -736.1
-658.8, 396.6, -617.6
-697.8, 522.0, -691.8
-686.6, 801.5, -477.6
-629.5, 928.8, -518.6
-590.5, 1007.9, -478.1
-649.5, 1175.2, -289.3
-669.0, 1228.4, -318.1
-653.4, 1327.9, -300.5
-633.4, 1256.7, -157.6
-496.3, 1218.6, -229.3
-470.9, 1131.8, -213.2
-635.9, 973.2, -304.9
-659.3, 901.0, -331.7
-682.7, 847.4, -308.3
-596.8, 669.8, -443.4
-447.0, 498.1, -319.0
-447.5, 647.4, -262.0
-435.8, 544.9, -400.0
-460.7, 430.8, -481.0
-456.8, 275.1, -464.9
-527.5, 209.8, -486.4
-581.2, 222.0, -530.3
-636.4, 303.9, -527.8
-648.1, 320.5, -571.3
-654.9, 353.7, -625.9
-644.2, 342.9, -641.0
-641.7, 328.8, -730.3
-721.8, 387.3, -697.6
-755.4, 605.9, -599.6
-665.6, 863.5, -487.8
-612.0, 971.8, -574.2
-638.3, 1125.0, -319.5
-612.0, 1226.4, -333.2
-572.9, 1309.8, -313.7
-598.3, 1351.8, -205.9
-474.3, 1275.2, -170.7
-512.9, 1222.5, -227.3
-508.0, 1133.7, -214.6
-561.2, 1058.1, -242.0
-651.0, 768.3, -409.8
-577.8, 573.2, -265.4
-461.2, 643.0, -295.1
-416.3, 569.8, -353.7
-443.1, 379.5, -508.3
-487.5, 174.6, -463.9
-508.5, 193.7, -503.9
-551.9, 181.5, -527.4
-571.0, 144.9, -556.1
-639.3, 249.3, -626.9
-641.2, 257.1, -668.8
-646.6, 258.1, -705.9
-629.5, 272.2, -816.2
-785.7, 435.6, -692.2
-735.4, 595.6, -462.0
-606.1, 757.6, -534.2
-539.2, 781.0, -583.9
-582.2, 889.3, -483.4
-606.1, 1002.5, -463.9
-629.5, 1390.8, -226.4
-583.6, 1442.0, -235.1
-563.6, 1414.2, -201.5
-441.2, 1314.2, -188.8
-455.8, 1252.3, -202.0
-514.4, 1169.3, -198.1
-634.4, 1030.3, -294.7
-709.1, 916.6, -331.2
-601.7, 678.1, -424.9
-411.4, 597.1, -356.6
-500.7, 556.6, -470.8
-461.2, 401.5, -500.0
-453.4, 247.3, -623.0
-484.6, 166.8, -503.0
-553.4, 149.8, -580.0
-598.3, 126.3, -573.7
-665.6, 247.3, -558.6
-685.2, 280.0, -609.8
-635.9, 251.7, -735.7
-618.8, 255.6, -817.1
-669.5, 416.1, -858.6
-718.8, 628.3, -391.7
-660.3, 817.1, -603.5
-537.3, 957.6, -568.3
-564.6, 1071.8, -489.3
-576.8, 1215.7, -379.0
-567.5, 1391.3, -226.4
-516.8, 1354.2, -113.2
-440.2, 1300.1, -193.7
-486.0, 1199.1, -210.3
-538.8, 1114.7, -252.2
-578.3, 1049.3, -263.9
-625.6, 871.3, -434.2
-496.3, 605.9, -257.6
-455.8, 660.5, -293.2
-440.7, 605.4, -332.2
-412.4, 386.4, -526.4
-503.6, 183.4, -454.7
-,-,-
-551.4, 183.4, -535.6
-591.0, 121.5, -599.6
-654.4, 212.2, -551.7
-684.2, 255.1, -605.9
-679.8, 263.4, -681.0
-651.5, 251.2, -714.7
-633.4, 239.0, -832.7
-652.5, 372.7, -767.9
-562.7, 766.4, -507.4
-534.4, 835.7, -497.6
-538.8, 981.0, -512.2
-589.5, 1089.8, -407.3
-547.5, 1241.5, -344.9
-561.7, 1395.7, -200.0
-551.4, 1449.9, -206.8
-472.9, 1335.7, -111.7
-407.0, 1273.3, -200.5
-511.4, 1119.6, -224.4
-624.2, 988.4, -312.2
-603.7, 818.1, -386.9
-523.6, 636.1, -394.7
-366.5, 560.5, -224.9
-446.0, 635.7, -394.7
-465.6, 446.9, -441.5
-461.2, 293.7, -641.5
-469.5, 150.7, -540.0
-584.6, 158.1, -623.0
-676.9, 275.1, -556.1
-650.5, 291.7, -656.1
-660.3, 314.7, -650.8
-658.3, 298.1, -708.8
-634.4, 293.7, -807.4
-660.3, 417.6, -792.7
-710.0, 555.6, -689.8
-662.7, 752.7, -488.8
-614.9, 958.6, -547.4
-588.0, 1169.3, -400.0
-559.7, 1311.3, -299.0
-617.3, 1413.3, -242.0
-538.3, 1405.9, -193.2
-451.4, 1300.6, -145.9
-431.9, 1227.9, -161.5
-514.4, 1138.1, -235.1
-625.6, 1004.0, -274.7
-633.4, 900.5, -348.3
-400.6, 541.0, -295.1
-392.8, 565.4, -280.5
-427.5, 592.7, -429.3
-376.7, 384.9, -484.9
-422.1, 226.4, -607.4
-470.4, 172.2, -437.6
-507.0, 184.4, -580.0
-560.2, 190.3, -560.0
-605.1, 281.0, -571.7
-587.1, 291.7, -647.8
-677.3, 298.1, -728.3
-663.2, 277.6, -908.8
-735.9, 414.7, -803.0
-679.8, 678.1, -576.1
-635.4, 829.8, -561.0
-591.0, 903.0, -526.9
-603.2, 1040.6, -478.1
-565.1, 1166.9, -380.0
-590.0, 1305.5, -362.5
-578.3, 1348.9, -181.0
-471.4, 1280.6, -203.4
-447.5, 1218.6, -208.8
-529.0, 1138.1, -252.7
-656.4, 985.4, -326.9
-624.6, 870.8, -364.9
-564.1, 692.7, -439.5
-393.8, 572.2, -217.6
-425.5, 705.9, -288.3
-366.0, 376.6, -488.3
-426.0, 239.5, -503.9
-473.4, 183.9, -479.5
-510.0, 183.4, -558.1
-532.9, 168.3, -581.5
-610.0, 297.1, -604.4
-631.0, 307.8, -680.5
-625.6, 335.6, -710.3
-626.1, 326.4, -745.4
-790.1, 414.2, -896.2
-796.4, 633.7, -531.7
-616.8, 794.7, -628.3
-611.5, 877.6, -526.9
-622.2, 968.8, -578.1
-622.2, 1098.1, -433.2
-574.4, 1247.4, -326.4
-560.2, 1355.7, -252.7
-557.8, 1383.5, -227.3
-435.3, 1275.7, -105.4
-487.0, 1181.1, -160.5
-556.3, 1077.6, -257.1
-566.1, 904.0, -336.1
-484.1, 639.6, -416.6
-388.0, 549.8, -123.4
-380.6, 633.2, -411.7
-352.8, 451.7, -417.1
-383.6, 273.2, -526.4
-445.1, 142.0, -513.7
-557.8, 139.0, -631.3
-637.8, 237.1, -614.2
-692.5, 284.4, -671.3
-690.5, 300.5, -767.4
-677.8, 292.2, -800.1
-661.7, 280.5, -850.8
-663.7, 322.9, -978.6
-793.0, 589.3, -619.6
-692.5, 797.6, -602.0
-500.2, 1059.6, -493.2
-524.6, 1172.8, -404.4
-547.5, 1292.3, -343.9
-563.2, 1428.4, -193.7
-454.3, 1392.8, -66.8
-417.7, 1364.0, -152.7
-454.3, 1283.0, -108.3
-528.5, 1179.1, -201.5
-555.8, 967.4, -333.7
-510.9, 573.2, -227.8
-,-,-
-438.7, 633.7, -319.5
-359.7, 385.4, -536.1
-397.7, 192.2, -501.5
-479.7, 155.1, -477.1
-510.4, 150.7, -610.3
-538.3, 120.5, -623.9
-605.6, 229.8, -610.8
-632.4, 260.0, -660.0
-644.6, 292.2, -750.8
-646.1, 309.3, -806.9
-710.0, 379.0, -872.7
-712.0, 626.9, -761.0
-628.1, 823.5, -543.0
-562.2, 956.2, -588.8
-529.0, 1067.4, -473.7
-573.4, 1171.3, -419.5
-603.2, 1246.9, -314.2
-558.3, 1341.6, -254.7
-451.9, 1241.5, -213.7
-460.7, 1160.6, -179.5
-475.3, 1098.1, -225.9
-487.5, 974.7, -302.5
-568.0, 825.9, -384.9
-573.9, 618.1, -370.3
-427.5, 579.6, -320.0
-387.0, 550.3, -394.7
-372.3, 358.6, -495.6
-377.7, 250.7, -516.6
-507.0, 174.2, -647.4
-567.1, 250.7, -644.9
-634.9, 297.1, -673.7
-641.2, 315.6, -762.0
-648.1, 329.8, -789.8
-637.8, 316.6, -805.9
-648.6, 339.0, -820.1
-643.7, 437.6, -1023.5
-734.9, 658.6, -488.8
-561.7, 948.4, -512.2
-553.4, 1063.0, -480.0
-556.3, 1138.1, -402.0
-608.5, 1218.6, -318.6
-567.5, 1312.3, -268.8
-564.1, 1343.5, -230.7
-432.4, 1240.1, -152.2
-402.1, 1220.1, -222.9
-471.9, 1153.7, -218.1
-591.9, 971.8, -302.9
-563.2, 741.0, -458.6
-395.3, 560.5, -208.3
-451.9, 706.4, -376.6
-409.4, 532.2, -459.5
-351.8, 310.3, -514.7
-392.4, 167.8, -561.5
-472.9, 145.4, -511.7
-487.0, 133.2, -619.6
-637.3, 218.1, -638.6
-658.8, 242.5, -709.3
-632.9, 246.4, -802.0
-591.9, 209.8, -834.2
-629.0, 239.0, -935.2
-855.0, 468.8, -798.1
-633.9, 765.9, -538.6
-466.0, 895.7, -657.6
-537.8, 1013.2, -522.5
-542.7, 1169.3, -503.9
-584.6, 1415.7, -245.9
-525.6, 1443.5, -261.0
-454.8, 1305.0, -159.5
-474.8, 1244.5, -184.4
-511.9, 1169.8, -229.3
-569.5, 1069.8, -316.6
-622.7, 890.8, -402.0
-568.5, 663.5, -421.0
-523.6, 606.4, -229.8
-379.2, 447.8, -436.1
-425.0, 305.4, -504.9
-480.2, 179.5, -497.6
-535.3, 165.4, -544.4
-540.7, 127.3, -596.6
-581.7, 184.9, -572.7
-610.0, 245.9, -566.4
-609.5, 265.4, -647.8
-588.5, 256.1, -722.5
-706.6, 328.8, -827.9
-805.2, 557.6, -587.4
-606.1, 752.2, -513.7
-487.5, 846.9, -649.3
-619.3, 950.3, -540.0
-633.9, 1135.2, -439.5
-611.5, 1258.6, -382.0
-580.2, 1399.6, -255.6
-567.1, 1434.2, -257.1
-480.7, 1255.2, -220.0
-503.1, 1185.0, -196.6
-565.1, 1058.1, -274.7
-630.0, 899.1, -386.4
-553.4, 675.7, -399.1
-477.3, 529.3, -269.3
-476.8, 608.8, -427.3
-419.7, 438.6, -418.6
-429.4, 310.8, -530.8
-458.7, 140.0, -556.6
-567.1, 88.3, -608.8
-642.2, 226.4, -559.1
-655.4, 258.1, -639.6
-660.8, 267.8, -677.6
-637.3, 241.0, -722.0
-630.5, 242.0, -853.2
-758.8, 439.5, -802.5
-706.6, 668.3, -487.8
-597.3, 862.0, -583.0
-580.2, 1046.9, -472.7
-595.4, 1141.1, -463.0
-618.3, 1258.1, -310.8
-617.3, 1375.2, -262.9
-567.1, 1293.7, -189.3
-460.2, 1223.5, -221.0
-479.7, 1151.8, -219.0
-553.4, 1069.3, -264.9
-605.6, 984.0, -308.8
-,-,-
-625.6, 917.1, -314.7
-443.6, 499.5, -250.3
-543.6, 651.3, -316.6
-505.1, 556.1, -397.6
-411.9, 362.5, -475.2
-444.6, 256.1, -465.4
-485.6, 149.8, -543.5
-559.7, 147.3, -522.0
-635.4, 219.0, -564.4
-654.4, 280.5, -572.7
-654.4, 292.2, -652.7
-669.5, 272.2, -740.0
-660.3, 277.6, -873.2
-786.7, 426.4, -772.2
-690.0, 711.8, -592.7
-639.8, 917.1, -468.8
-604.1, 993.7, -453.2
-565.6, 1100.1, -496.1
-634.9, 1268.9, -299.0
-589.0, 1408.4, -242.0
-469.9, 1264.5, -195.6
-442.1, 1213.3, -238.6
-512.9, 1142.5, -206.4
-605.1, 1037.6, -297.1
-618.3, 911.8, -309.3
-606.6, 746.4, -457.6
-497.8, 494.2, -363.9
-451.9, 570.3, -227.8
-446.0, 341.0, -451.2
-461.6, 250.7, -517.6
-477.3, 150.7, -483.9
-556.8, 107.3, -557.1
-639.3, 211.2, -547.4
-665.1, 252.7, -571.3
-661.7, 297.1, -638.6
-654.9, 294.2, -676.6
-687.6, 259.0, -766.4
-671.5, 265.4, -931.3
-734.4, 754.2, -659.1
-679.3, 919.1, -544.4
-606.1, 995.7, -534.7
-592.9, 1179.1, -399.5
-595.8, 1300.6, -308.3
-616.3, 1402.5, -275.6
-603.2, 1353.3, -139.5
-468.0, 1284.0, -181.5
-451.4, 1197.2, -175.6
-618.8, 963.0, -298.6
-655.9, 844.4, -344.9
-580.2, 627.8, -451.2
-469.9, 502.0, -227.3
-468.0, 582.0, -382.5
-454.3, 421.5, -413.2
-435.3, 296.6, -449.3
-505.6, 189.3, -482.0
-543.1, 111.2, -530.8
-673.0, 243.4, -544.4
-655.9, 270.7, -638.1
-675.9, 293.2, -646.4
-674.9, 289.3, -711.3
-676.4, 268.8, -811.8
-755.9, 376.1, -801.0
-769.6, 552.7, -606.4
-721.3, 793.7, -598.6
-627.1, 953.2, -467.3
-565.6, 1178.6, -388.8
-634.9, 1287.4, -234.6
-601.2, 1378.6, -245.9
-567.1, 1285.0, -140.5
-487.0, 1230.3, -204.4
-497.3, 1157.6, -202.5
-575.8, 1060.1, -263.9
-639.8, 946.4, -317.1
-646.6, 834.7, -348.8
-577.8, 620.0, -475.2
-482.6, 556.6, -396.1
-519.7, 398.1, -463.0
-471.9, 281.5, -494.2
-538.3, 204.4, -525.9
-576.3, 134.2, -512.7
-629.0, 133.7, -601.5
-707.1, 246.8, -563.9
-704.7, 289.8, -614.2
-682.7, 289.3, -656.6
-713.9, 324.9, -699.6
-687.6, 377.1, -863.0
-700.3, 587.8, -559.1
-741.8, 855.7, -549.3
-656.4, 962.5, -471.3
-571.4, 1073.2, -400.5
-563.2, 1234.7, -297.6
-593.9, 1321.1, -224.9
-607.6, 1366.9, -241.5
-486.5, 1230.3, -105.9
-530.0, 1089.8, -207.3
-590.5, 996.7, -293.7
-673.9, 914.2, -313.2
-666.6, 718.6, -458.6
-528.0, 486.9, -286.8
-462.6, 577.1, -307.8
-494.3, 518.6, -380.0
-464.6, 329.8, -453.2
-525.6, 208.3, -520.5
-588.0, 117.6, -567.4
-666.1, 185.4, -576.6
-706.1, 247.8, -591.3
-700.3, 281.0, -653.7
-683.7, 280.0, -687.4
-674.4, 265.9, -766.4
-691.0, 282.0, -865.9
-788.1, 427.3, -781.0
-772.5, 661.0, -562.5
-639.3, 972.3, -405.4
-606.6, 1068.4, -485.9
-606.6, 1242.5, -328.3
-613.4, 1333.7, -196.1
-613.9, 1377.2, -203.9
-491.4, 1215.2, -112.2
-509.0, 1160.1, -225.4
-515.3, 1078.6, -199.5
-,-,-
-596.3, 1011.8, -275.1
-599.8, 718.1, -408.3
-595.4, 521.0, -365.4
-536.3, 501.5, -279.5
-471.9, 473.2, -364.9
-456.3, 354.7, -441.5
-468.5, 265.9, -500.0
-515.3, 143.9, -501.5
-600.2, 128.3, -565.4
-681.7, 246.4, -548.3
-702.2, 276.6, -577.6
-679.3, 290.3, -662.0
-687.1, 252.7, -764.4
-695.9, 298.1, -806.9
-756.9, 457.1, -723.0
-775.4, 680.5, -471.7
-696.4, 851.8, -547.8
-646.6, 956.2, -411.7
-591.9, 1120.6, -435.2
-635.4, 1239.1, -291.2
-661.7, 1349.8, -219.5
-498.2, 1223.5, -164.4
-497.8, 1183.0, -238.1
-539.7, 1107.4, -220.0
-643.2, 986.4, -310.3
-658.3, 886.4, -307.3
-633.4, 733.2, -397.1
-493.9, 491.7, -291.2
-477.3, 534.7, -250.7
-489.5, 372.7, -433.7
-468.0, 246.8, -457.6
-509.0, 141.5, -452.2
-580.7, 165.4, -480.0
-638.3, 172.2, -542.5
-705.2, 280.5, -533.2
-691.5, 300.5, -589.3
-669.0, 291.2, -644.4
-690.5, 293.7, -703.5
-705.6, 424.4, -803.0
-804.2, 645.4, -532.2
-664.2, 817.6, -547.8
-626.1, 968.8, -520.5
-638.8, 1040.1, -382.5
-637.3, 1129.8, -393.7
-666.6, 1263.5, -279.5
-670.0, 1362.5, -218.1
-549.5, 1251.3, -157.1
-509.5, 1235.7, -213.2
-544.1, 1107.9, -237.6
-581.7, 1018.1, -250.3
-571.0, 824.9, -409.8
-598.3, 547.8, -322.9
-494.8, 619.1, -242.5
-424.6, 550.8, -319.0
-405.5, 335.6, -499.5
-408.5, 185.9, -465.4
-536.8, 169.3, -471.7
-642.7, 108.8, -613.2
-723.2, 230.7, -594.7
-728.6, 251.7, -652.7
-705.6, 260.5, -722.5
-683.2, 257.6, -723.5
-635.4, 230.3, -819.6
-667.6, 301.5, -862.0
-818.4, 615.2, -421.0
-709.1, 767.9, -562.0
-650.0, 900.5, -488.8
-630.5, 1111.3, -485.4
-652.9, 1262.0, -325.4
-610.5, 1394.2, -208.8
-572.9, 1447.4, -219.0
-478.7, 1281.1, -92.7
-433.8, 1235.2, -216.1
-461.2, 1141.1, -176.6
-590.5, 1022.0, -263.9
-598.3, 936.2, -288.8
-530.9, 531.7, -417.6
-427.0, 516.6, -205.4
-437.7, 570.3, -436.6
-403.1, 396.1, -370.8
-400.2, 278.1, -546.9
-475.3, 160.5, -482.0
-523.1, 105.9, -577.6
-594.9, 125.9, -591.7
-690.0, 253.7, -606.9
-723.2, 294.7, -683.0
-723.7, 262.5, -785.9
-706.6, 244.4, -907.9
-769.6, 378.1, -944.9
-727.1, 628.3, -524.4
-673.4, 864.0, -598.1
-638.8, 1002.5, -476.6
-615.9, 1147.4, -476.6
-606.1, 1269.8, -364.4
-612.4, 1454.2, -211.7
-466.0, 1309.8, -138.1
-440.2, 1249.8, -200.5
-526.6, 1154.7, -216.6
-640.3, 1043.5, -289.8
-680.8, 932.7, -291.7
-601.2, 708.8, -429.8
-427.0, 525.9, -162.0
-475.3, 601.5, -371.7
-430.9, 447.3, -350.3
-451.4, 82.4, -457.1
-509.5, 61.0, -531.3
-564.1, 37.6, -549.3
-640.3, 173.7, -541.0
-652.0, 201.5, -612.7
-650.5, 226.8, -682.5
-640.3, 202.5, -734.7
-631.0, 181.0, -878.1
-807.6, 298.6, -945.9
-648.1, 810.8, -616.6
-613.4, 884.4, -520.0
-628.1, 1016.2, -564.9
-657.3, 1132.8, -425.4
-626.1, 1302.0, -359.5
-658.3, 1439.1, -290.8
-616.8, 1442.5, -178.5
-,-,-
-491.4, 1304.0, -140.5
-432.9, 1212.8, -196.1
-665.1, 989.8, -269.3
-655.9, 835.2, -359.5
-586.6, 636.6, -380.0
-434.8, 504.9, -348.8
-384.5, 511.7, -285.9
-440.7, 487.8, -425.4
-422.6, 350.3, -458.1
-428.0, 263.9, -501.0
-494.8, 161.5, -592.7
-623.7, 196.6, -621.0
-652.5, 245.9, -623.9
-666.6, 311.7, -657.1
-661.7, 302.5, -684.9
-664.2, 302.9, -783.0
-673.9, 321.0, -795.2
-737.9, 422.5, -845.4
-697.8, 658.6, -580.5
-720.3, 844.0, -562.5
-596.8, 957.1, -468.8
-598.3, 1169.3, -314.2
-633.9, 1268.4, -323.9
-650.0, 1339.1, -244.9
-539.7, 1243.0, -153.2
-488.5, 1202.0, -222.0
-465.6, 1124.0, -237.6
-598.8, 1039.6, -279.5
-671.0, 962.0, -317.1
-604.6, 834.7, -366.4
-425.0, 513.2, -229.3
-520.2, 586.4, -357.6
-482.6, 484.4, -442.5
-419.7, 355.1, -500.0
-490.9, 227.8, -554.2
-506.5, 137.1, -524.9
-580.7, 112.7, -603.0
-670.0, 235.1, -575.6
-664.2, 244.4, -647.8
-662.7, 297.1, -647.4
-652.9, 265.9, -797.6
-661.7, 287.8, -863.0
-766.2, 522.5, -739.1
-738.8, 715.2, -485.9
-619.3, 948.8, -530.8
-549.5, 1030.3, -493.2
-563.2, 1156.2, -362.5
-626.1, 1325.0, -391.2
-669.0, 1394.2, -208.8
-460.2, 1266.9, -178.1
-438.7, 1174.2, -198.1
-514.8, 1060.6, -274.2
-644.6, 927.4, -283.9
-644.2, 833.2, -339.0
-549.0, 682.0, -413.2
-439.7, 578.6, -296.1
-384.1, 552.7, -312.7
-458.7, 575.6, -390.3
-443.6, 320.0, -522.0
-514.8, 262.0, -576.6
-568.0, 216.1, -507.8
-595.8, 224.4, -585.4
-660.8, 305.4, -581.5
-680.8, 325.9, -621.0
-666.1, 360.5, -655.7
-664.7, 374.7, -671.3
-708.6, 381.0, -705.9
-734.9, 502.0, -764.9
-688.1, 718.6, -507.8
-668.6, 880.5, -542.0
-601.7, 1006.4, -475.6
-563.2, 1093.7, -417.1
-631.5, 1203.5, -394.7
-602.2, 1281.5, -295.1
-591.0, 1309.8, -248.8
-487.5, 1201.5, -217.1
-507.0, 1148.9, -242.9
-574.9, 979.1, -319.0
-593.9, 876.6, -336.6
-552.9, 738.6, -426.9
-526.6, 502.0, -333.7
-512.4, 542.5, -306.8
-454.3, 519.1, -376.1
-436.8, 387.8, -431.2
-486.5, 285.4, -532.7
-503.1, 213.7, -444.9
-577.8, 264.4, -481.0
-620.2, 346.4, -491.3
-625.1, 338.1, -560.5
-642.2, 328.3, -595.6
-629.0, 328.8, -667.4
-627.6, 328.3, -697.1
-714.4, 430.3, -696.6
-719.3, 625.4, -590.3
-589.0, 771.8, -479.5
-616.8, 987.9, -393.2
-593.4, 1080.6, -411.7
-618.8, 1248.4, -330.3
-639.8, 1348.4, -252.2
-624.6, 1367.4, -248.3
-493.9, 1250.3, -256.1
-473.4, 1174.7, -275.6
-542.7, 1126.9, -243.9
-669.0, 1063.5, -298.1
-615.4, 724.9, -495.6
-421.1, 513.2, -324.9
-395.3, 545.9, -290.3
-448.0, 502.5, -521.0
-430.4, 361.0, -438.1
-475.3, 223.9, -632.7
-511.9, 99.0, -476.6
-590.0, 121.0, -566.9
-637.3, 225.4, -530.8
-672.5, 284.9, -542.0
-669.5, 302.9, -629.8
-666.6, 271.7, -737.1
-671.5, 289.8, -799.1
-719.8, 458.6, -718.6
-709.1, 741.0, -513.2
-609.5, 842.0, -505.9
-,-,-
-603.7, 1021.5, -487.8
-616.3, 1098.1, -388.8
-580.2, 1224.0, -397.1
-612.0, 1453.8, -214.2
-455.3, 1322.0, -140.5
-418.2, 1249.8, -192.2
-480.2, 1183.5, -202.0
-594.4, 1057.6, -276.1
-613.9, 957.1, -302.9
-598.8, 729.8, -458.1
-416.3, 490.8, -241.0
-474.8, 619.1, -318.1
-481.2, 503.4, -355.1
-458.7, 173.2, -507.8
-525.1, 92.2, -502.0
-594.9, 117.6, -561.5
-653.4, 208.8, -552.2
-682.7, 280.5, -572.2
-664.2, 300.5, -633.7
-641.2, 252.7, -687.9
-660.3, 216.6, -843.5
-720.3, 317.1, -845.9
-702.2, 694.7, -555.6
-610.5, 803.0, -678.1
-590.5, 933.2, -530.3
-606.6, 1059.1, -527.8
-559.7, 1249.4, -323.4
-639.3, 1411.3, -303.9
-573.4, 1508.9, -210.3
-453.8, 1384.0, -115.6
-392.4, 1314.7, -182.5
-552.4, 1088.9, -261.5
-691.0, 948.8, -280.0
-602.7, 699.6, -401.5
-426.5, 506.4, -360.5
-364.0, 481.0, -277.6
-499.2, 538.1, -402.5
-460.7, 325.4, -469.8
-467.5, 224.9, -523.4
-493.9, 125.9, -575.6
-659.8, 212.7, -568.3
-697.4, 299.5, -537.1
-668.1, 310.8, -640.5
-666.6, 320.5, -673.2
-685.2, 294.7, -727.9
-664.2, 281.5, -815.2
-764.7, 364.4, -811.3
-799.3, 606.9, -527.8
-670.0, 710.3, -588.8
-614.9, 909.3, -514.7
-541.2, 1131.3, -406.4
-627.6, 1284.0, -301.5
-656.4, 1390.8, -270.3
-518.7, 1405.0, -225.4
-474.3, 1293.3, -167.3
-456.8, 1242.5, -233.7
-480.7, 1161.1, -213.2
-612.4, 983.5, -278.6
-665.1, 854.7, -302.0
-361.6, 616.1, -198.5
-374.3, 557.6, -349.3
-505.1, 555.2, -343.4
-501.2, 430.3, -488.8
-463.6, 275.6, -531.3
-515.3, 246.4, -569.8
-540.2, 201.5, -525.4
-609.0, 182.9, -581.0
-676.4, 302.9, -563.0
-666.1, 356.6, -647.8
-672.5, 364.4, -643.0
-683.7, 332.7, -723.5
-662.7, 329.8, -781.5
-749.1, 452.7, -748.8
-730.0, 658.1, -511.3
-629.5, 800.1, -529.8
-629.5, 947.9, -457.6
-550.5, 1024.0, -410.3
-580.7, 1254.7, -337.1
-603.2, 1334.2, -266.4
-592.9, 1319.1, -205.9
-447.5, 1222.5, -228.8
-455.8, 1138.6, -251.2
-534.4, 1085.9, -261.5
-655.9, 1003.5, -297.6
-592.4, 911.3, -356.6
-591.9, 702.0, -453.2
-398.2, 498.1, -282.5
-461.2, 529.3, -464.9
-457.3, 352.7, -453.7
-481.7, 261.5, -591.7
-504.1, 140.5, -470.8
-578.8, 142.9, -526.4
-627.6, 197.6, -524.4
-673.4, 298.6, -513.2
-647.1, 319.0, -576.6
-645.1, 334.7, -607.8
-666.6, 274.7, -804.0
-676.4, 390.3, -690.8
-744.2, 572.7, -628.3
-710.0, 749.3, -408.8
-643.7, 887.9, -647.4
-623.2, 970.8, -399.1
-644.2, 1071.3, -479.5
-589.0, 1190.3, -338.1
-642.7, 1359.6, -268.8
-633.4, 1399.6, -257.1
-443.1, 1203.0, -241.5
-476.3, 1120.1, -217.6
-617.3, 1057.1, -274.7
-642.2, 969.8, -296.1
-642.2, 814.7, -398.1
-564.1, 539.1, -435.2
-397.7, 492.7, -177.1
-487.0, 622.5, -393.2
-457.7, 403.9, -389.8
-501.2, 240.5, -481.5
-511.4, 153.7, -492.7
-591.5, 177.1, -523.0
-654.9, 308.3, -496.6
-648.1, 320.0, -561.5
-,-,-
-653.9, 347.8, -579.1
-663.2, 346.4, -611.3
-675.9, 320.5, -714.7
-679.8, 347.8, -808.8
-734.0, 734.7, -422.0
-654.9, 855.7, -581.0
-593.9, 994.7, -441.5
-617.8, 1045.9, -455.2
-595.8, 1164.0, -400.0
-625.1, 1281.5, -300.0
-597.8, 1386.4, -212.2
-508.0, 1244.5, -161.0
-454.8, 1202.0, -234.6
-584.1, 1029.8, -249.8
-631.0, 943.0, -275.6
-631.0, 846.4, -343.9
-580.2, 584.4, -445.4
-397.2, 430.3, -233.7
-467.5, 496.1, -326.4
-484.6, 512.7, -422.5
-490.9, 302.5, -447.3
-539.7, 263.4, -511.7
-543.6, 192.7, -545.9
-673.0, 309.8, -509.3
-666.6, 298.6, -579.6
-652.0, 325.4, -616.1
-635.4, 365.9, -647.4
-683.7, 402.5, -692.7
-772.0, 446.9, -710.8
-627.6, 507.4, -635.2
-769.1, 791.3, -603.9
-684.2, 991.3, -277.6
-480.2, 1180.6, -441.0
-582.2, 1311.3, -306.8
-625.6, 1377.7, -247.8
-503.6, 1246.9, -123.4
-468.0, 1210.8, -246.4
-512.4, 1100.6, -220.5
-572.4, 1037.6, -275.1
-610.0, 957.1, -320.0
-549.0, 806.4, -363.9
-452.9, 536.1, -179.0
-511.9, 611.3, -362.0
-491.4, 446.9, -400.0
-461.6, 355.6, -470.3
-464.1, 254.7, -583.9
-487.0, 208.3, -502.0
-581.7, 212.7, -563.5
-663.2, 306.4, -543.0
-674.9, 332.7, -598.6
-673.0, 355.1, -664.9
-691.5, 355.6, -746.9
-652.5, 372.7, -757.6
-668.6, 511.7, -761.5
-719.8, 684.9, -467.8
-630.5, 799.1, -667.8
-637.8, 963.0, -412.2
-590.5, 1072.8, -489.8
-567.1, 1191.3, -353.7
-530.5, 1290.3, -245.4
-493.4, 1260.1, -107.8
-435.3, 1229.4, -211.2
-422.6, 1174.2, -197.6
-575.4, 1090.8, -268.8
-587.6, 995.2, -278.6
-635.9, 866.9, -391.7
-557.3, 625.4, -437.6
-395.3, 543.9, -194.6
-446.5, 624.9, -428.3
-459.2, 282.9, -582.0
-484.6, 166.4, -491.7
-566.1, 165.4, -527.4
-611.5, 161.5, -587.4
-670.5, 285.9, -568.8
-690.5, 322.0, -623.0
-689.5, 340.0, -667.8
-664.7, 316.6, -717.1
-670.5, 290.3, -837.6
-700.3, 378.1, -914.2
-685.2, 794.7, -618.6
-569.0, 910.8, -477.6
-569.0, 1044.9, -464.9
-523.1, 1106.9, -386.9
-558.8, 1288.9, -303.4
-521.2, 1392.8, -208.8
-510.9, 1391.8, -123.4
-386.5, 1284.5, -135.6
-410.4, 1195.2, -130.3
-590.5, 987.4, -268.3
-568.5, 804.4, -378.1
-543.6, 543.0, -405.4
-506.1, 412.7, -317.1
-429.0, 459.5, -410.8
-443.6, 357.6, -468.8
-477.3, 278.6, -518.6
-516.3, 188.8, -575.6
-556.3, 168.8, -590.3
-688.1, 360.5, -612.2
-680.8, 367.8, -655.7
-672.0, 344.4, -729.3
-673.9, 348.8, -748.3
-648.6, 351.2, -837.1
-720.8, 462.5, -824.0
-662.2, 729.8, -448.3
-653.9, 905.9, -576.6
-567.1, 991.3, -414.7
-520.7, 1138.6, -357.1
-551.9, 1225.0, -260.0
-575.8, 1317.6, -240.5
-521.7, 1226.4, -152.7
-429.9, 1162.5, -213.7
-434.3, 1067.9, -243.9
-518.7, 1029.3, -265.9
-616.8, 942.0, -290.8
-533.4, 862.0, -346.4
-506.5, 698.1, -436.6
-455.8, 545.4, -335.1
-498.7, 536.1, -476.6
-461.2, 383.0, -486.4
-449.0, 329.8, -581.5
-,-,-
-519.2, 257.6, -539.5
-550.5, 253.7, -584.4
-606.1, 314.2, -581.5
-650.5, 377.1, -600.0
-657.3, 384.4, -643.9
-656.4, 381.0, -692.2
-673.0, 384.9, -753.2
-685.6, 435.6, -831.8
-676.4, 604.9, -520.5
-671.5, 792.2, -518.6
-610.5, 968.8, -383.9
-501.7, 1013.2, -443.0
-494.3, 1116.2, -398.6
-494.3, 1232.8, -337.1
-504.6, 1286.4, -195.6
-433.3, 1219.1, -212.7
-407.5, 1138.1, -238.1
-512.9, 1066.4, -282.0
-593.4, 957.6, -302.9
-605.1, 904.0, -374.2
-552.9, 708.3, -423.4
-407.0, 480.0, -406.9
-427.0, 515.6, -299.5
-495.3, 413.2, -527.4
-476.3, 304.9, -571.3
-542.7, 304.9, -549.3
-580.7, 286.4, -547.8
-612.4, 278.6, -549.3
-665.1, 374.7, -542.5
-663.7, 385.4, -579.6
-658.3, 398.6, -608.3
-625.6, 407.3, -634.2
-650.0, 421.0, -634.2
-737.4, 568.3, -626.9
-684.2, 719.1, -452.2
-626.6, 961.5, -532.7
-565.1, 1015.7, -351.2
-514.4, 1111.3, -426.9
-557.8, 1146.9, -313.7
-577.3, 1235.7, -283.4
-571.0, 1279.6, -222.0
-468.0, 1184.5, -207.3
-562.7, 1053.2, -279.0
-610.0, 990.3, -319.0
-613.4, 921.5, -351.2
-619.3, 823.0, -395.6
-534.8, 576.6, -428.8
-443.6, 461.5, -318.1
-494.8, 595.6, -369.3
-508.0, 483.0, -426.9
-469.9, 328.8, -488.8
-507.5, 264.9, -518.6
-578.8, 221.5, -507.4
-639.3, 341.0, -451.2
-629.5, 362.5, -494.7
-595.8, 366.4, -543.9
-605.6, 356.1, -563.5
-574.4, 321.0, -634.2
-678.8, 359.5, -649.3
-742.2, 480.5, -683.9
-646.6, 666.4, -523.4
-578.8, 973.7, -448.8
-567.1, 1049.3, -464.9
-620.2, 1167.4, -388.3
-685.6, 1286.4, -363.9
-659.3, 1327.9, -322.0
-564.1, 1206.4, -235.1
-505.1, 1149.8, -349.8
-490.4, 1064.0, -310.3
-618.3, 1005.4, -339.0
-630.5, 863.5, -418.1
-617.3, 740.5, -423.9
-538.8, 532.2, -447.3
-394.3, 467.3, -290.3
-520.7, 561.0, -322.5
-500.2, 476.1, -440.5
-469.0, 275.1, -491.3
-495.8, 271.2, -479.1
-528.0, 256.6, -427.8
-600.2, 367.3, -426.9
-609.5, 359.0, -487.3
-595.8, 394.7, -510.8