-,-,-
605.1, 140.5, -748.8
599.3, 149.3, -752.2
619.8, 156.6, -756.6
639.3, 146.8, -772.7
603.2, 165.9, -741.5
620.2, 149.8, -758.6
622.7, 156.1, -754.2
612.4, 140.0, -760.5
613.9, 135.6, -759.1
618.3, 143.4, -752.2
619.3, 140.0, -755.2
616.3, 125.4, -761.5
617.3, 127.8, -754.7
620.2, 116.1, -766.9
620.2, 113.7, -762.5
621.2, 118.1, -766.4
623.7, 110.7, -762.0
619.3, 108.3, -747.9
622.2, 105.9, -748.3
615.9, 83.4, -768.8
619.3, 97.1, -748.3
627.6, 90.7, -760.5
623.7, 74.6, -768.3
616.8, 115.6, -736.6
626.1, 128.3, -757.1
617.8, 125.9, -751.8
634.4, 125.9, -762.0
644.2, 145.4, -756.1
639.3, 124.4, -764.9
652.0, 139.0, -756.6
630.0, 123.4, -745.4
617.8, 132.2, -760.1
624.2, 147.8, -731.3
619.8, 133.2, -752.2
609.5, 128.3, -757.6
605.1, 126.8, -753.2
616.8, 122.0, -756.1
620.2, 122.9, -758.6
614.9, 124.4, -735.7
614.4, 132.7, -749.8
625.1, 126.8, -737.6
633.9, 117.6, -757.6
642.2, 114.2, -758.1
641.2, 122.9, -750.3
639.8, 116.1, -761.5
627.6, 106.8, -759.6
613.9, 125.4, -738.1
626.6, 126.8, -741.5
626.6, 121.0, -745.9
634.9, 110.7, -754.7
627.6, 86.8, -773.7
619.8, 110.7, -750.8
614.9, 95.1, -760.5
604.6, 91.2, -747.9
598.3, 92.2, -749.3
601.2, 100.5, -737.6
612.4, 114.6, -752.7
618.3, 157.1, -738.1
630.5, 167.8, -744.9
640.3, 184.4, -738.1
647.6, 199.5, -748.8
652.5, 204.9, -747.9
645.6, 210.3, -744.4
645.6, 210.3, -751.3
649.0, 209.3, -737.6
674.9, 202.9, -724.4
672.5, 184.4, -736.1
672.0, 173.7, -738.6
632.9, 148.3, -745.9
616.3, 110.7, -759.6
613.4, 94.2, -757.1
594.9, 89.3, -773.7
575.4, 115.6, -735.2
583.6, 114.6, -706.9
618.3, 101.5, -703.0
647.6, 108.8, -735.7
654.4, 97.1, -733.7
651.0, 90.2, -760.1
614.9, 58.5, -777.1
601.2, 20.0, -813.7
591.9, 16.1, -806.9
564.6, 40.5, -768.8
570.5, 67.8, -758.6
566.1, 85.4, -720.0
583.2, 57.6, -757.6
601.7, 54.6, -779.6
602.2, 22.4, -780.1
609.0, 55.6, -786.4
619.8, 97.6, -773.7
621.7, 120.5, -760.5
650.5, 123.4, -763.0
651.0, 109.3, -762.0
663.2, 98.5, -764.9
654.4, 109.8, -769.3
659.8, 134.2, -770.8
622.7, 114.6, -767.4
611.0, 111.7, -770.8
589.0, 113.7, -773.7
580.2, 98.5, -756.1
583.2, 103.4, -764.0
587.1, 123.4, -763.0
593.4, 82.4, -757.6
609.0, 50.7, -773.7
611.5, 49.3, -776.1
609.0, 44.9, -776.1
592.4, 58.5, -779.1
574.9, 108.8, -776.6
562.7, 109.3, -769.8
579.3, 109.3, -768.8
586.1, 104.9, -786.4
593.9, 83.9, -787.9
591.5, 76.6, -784.4
588.0, 61.0, -791.8
581.2, 56.6, -799.6
582.7, 50.2, -794.2
591.9, 38.5, -792.7
595.4, 28.8, -801.0
593.9, 29.3, -789.3
586.6, 40.5, -783.0
571.0, 40.5, -782.5
-,-,-
558.8, 50.7, -771.8
555.3, 48.8, -775.2
569.0, 51.2, -768.3
579.7, 44.9, -773.7
598.8, 52.7, -768.3
622.2, 58.1, -766.4
643.7, 67.8, -767.4
660.8, 59.5, -774.2
658.8, 79.0, -767.4
667.1, 96.1, -780.5
631.5, 188.8, -727.4
638.3, 171.7, -768.8
610.5, 188.3, -755.7
610.5, 191.2, -773.7
605.1, 187.3, -771.8
589.0, 182.0, -784.0
579.3, 216.1, -751.8
565.6, 189.3, -771.3
589.5, 170.7, -777.1
580.7, 140.0, -772.2
561.2, 112.2, -771.3
563.2, 105.4, -782.0
573.9, 116.6, -753.2
593.4, 105.9, -770.3
601.2, 113.2, -759.6
611.5, 118.1, -757.6
618.3, 111.7, -755.7
611.0, 120.0, -738.1
614.4, 114.6, -761.0
611.5, 114.6, -750.8
624.2, 107.3, -768.8
626.6, 94.2, -748.8
626.6, 91.7, -776.6
629.5, 111.7, -764.4
634.9, 113.7, -761.0
631.0, 102.0, -769.3
630.0, 100.0, -777.6
632.4, 99.0, -772.2
623.7, 95.1, -764.0
612.4, 94.2, -758.6
597.3, 126.3, -742.0
600.2, 126.3, -740.5
613.9, 143.4, -744.0
610.0, 147.8, -743.5
615.9, 166.4, -744.4
619.3, 175.1, -741.5
614.9, 182.9, -747.9
606.6, 190.3, -754.2
600.7, 191.2, -747.9
616.3, 189.3, -742.5
615.9, 187.3, -751.8
617.8, 183.9, -760.5
608.5, 175.1, -747.9
625.6, 178.1, -751.3
622.2, 179.5, -749.8
627.1, 200.0, -750.3
633.9, 237.6, -739.6
627.6, 245.4, -735.2
631.0, 246.4, -740.0
633.9, 223.9, -747.4
631.0, 202.9, -745.4
630.0, 177.1, -753.2
618.8, 167.3, -733.7
631.5, 162.0, -730.3
639.8, 151.2, -753.2
614.4, 166.8, -742.5
597.3, 132.2, -743.0
605.1, 133.2, -737.1
637.8, 95.6, -788.8
618.3, 90.7, -751.3
632.9, 75.6, -764.0
640.3, 45.4, -769.3
653.4, 63.9, -769.8
632.0, 46.3, -774.7
631.0, 68.3, -759.6
592.9, 50.7, -746.4
575.4, 61.0, -760.1
578.3, 60.0, -760.1
593.4, 68.3, -759.6
609.0, 77.6, -763.0
604.6, 112.7, -756.1
606.1, 104.9, -764.4
593.9, 148.8, -753.2
599.8, 127.8, -772.7
601.2, 165.9, -747.9
620.7, 159.5, -754.7
613.9, 159.5, -755.2
626.1, 143.4, -762.0
636.4, 117.1, -756.1
631.0, 116.6, -768.3
630.0, 91.7, -764.4
634.9, 93.2, -756.6
613.4, 87.3, -768.8
596.8, 39.5, -771.3
598.8, 33.7, -780.1
602.7, -4.4, -784.0
603.2, -7.8, -789.3
591.5, -12.2, -789.3
590.0, 2.4, -785.4
591.0, 29.8, -775.7
596.3, 43.4, -782.0
600.7, 63.4, -775.2
603.7, 81.5, -768.3
617.8, 84.9, -777.1
617.3, 77.1, -780.1
609.0, 65.4, -780.5
604.6, 66.8, -776.6
590.5, 62.4, -771.8
578.3, 60.5, -770.3
573.4, 53.7, -771.3
575.4, 51.7, -775.7
580.2, 49.8, -764.4
602.2, 75.6, -764.0
618.3, 79.0, -761.5
617.3, 103.9, -749.8
610.0, 135.1, -746.9
606.6, 143.4, -739.1
601.7, 171.7, -732.2
623.2, 148.8, -772.2
615.4, 181.0, -759.1
-,-,-
619.3, 182.0, -752.2
628.5, 161.0, -774.2
614.9, 198.5, -736.1
617.8, 170.3, -764.0
623.2, 160.5, -760.1
606.6, 161.0, -760.5
618.3, 139.0, -767.9
612.4, 131.7, -761.0
613.4, 125.9, -751.8
613.9, 135.6, -743.5
615.9, 133.7, -758.1
612.4, 136.1, -744.9
612.9, 132.7, -749.3
619.3, 126.8, -778.1
635.9, 119.5, -762.0
612.4, 132.7, -745.4
636.4, 108.3, -764.9
625.6, 110.3, -747.4
623.7, 116.1, -754.7
622.2, 117.6, -780.5
626.1, 150.3, -747.9
626.6, 143.9, -762.5
628.1, 163.9, -757.6
623.7, 160.0, -751.3
627.1, 152.2, -758.1
627.1, 151.2, -757.1
628.5, 154.2, -767.9
616.8, 174.6, -732.7
630.0, 166.8, -746.9
616.3, 188.3, -744.9
605.6, 187.8, -754.7
595.4, 209.3, -741.0
593.9, 218.1, -749.3
603.7, 231.7, -741.5
603.2, 235.1, -734.2
602.2, 236.6, -737.1
608.5, 238.1, -736.1
614.9, 228.8, -741.5
624.2, 208.3, -755.2
630.5, 175.1, -759.1
635.9, 156.1, -764.0
640.7, 162.9, -759.1
647.6, 174.6, -746.9
648.1, 178.5, -750.8
643.7, 183.9, -742.0
639.3, 180.0, -744.4
648.6, 186.4, -749.3
639.3, 196.6, -734.2
626.6, 176.1, -755.7
606.6, 139.5, -764.4
621.2, 153.7, -729.3
622.2, 130.3, -778.6
608.0, 125.4, -742.5
597.3, 118.5, -739.6
612.0, 104.9, -766.9
616.3, 109.8, -773.7
615.4, 123.4, -748.3
628.1, 76.6, -762.5
613.9, 95.6, -765.4
609.5, 94.2, -760.5
615.4, 108.3, -758.1
621.7, 111.7, -751.3
579.3, 119.5, -742.5
595.4, 112.2, -764.9
593.9, 111.7, -769.8
619.8, 98.5, -768.8
615.9, 121.0, -765.9
611.0, 123.9, -755.7
627.6, 141.0, -746.4
615.4, 142.4, -752.2
606.6, 134.6, -761.5
598.3, 124.4, -762.5
584.1, 109.3, -765.9
591.5, 86.8, -782.0
591.0, 59.5, -780.1
585.1, 53.2, -781.5
590.0, 7.3, -787.9
578.3, -4.9, -790.8
578.8, -12.2, -795.2
568.5, -12.2, -791.8
565.6, -1.5, -783.0
566.6, -8.3, -789.3
568.5, -6.8, -801.0
571.0, -1.0, -798.6
592.4, -1.5, -796.6
621.2, 21.0, -777.6
629.0, 56.6, -757.6
635.4, 92.7, -742.5
643.2, 113.2, -732.2
643.7, 115.1, -727.4
647.6, 110.7, -743.5
645.6, 132.2, -723.5
645.6, 112.2, -749.3
626.6, 137.6, -738.1
625.6, 146.8, -727.4
628.1, 147.3, -736.1
634.9, 139.0, -758.6
627.6, 166.4, -735.2
630.5, 161.5, -735.2
635.4, 160.5, -752.2
641.7, 170.7, -745.9
628.1, 147.8, -775.2
630.5, 172.2, -758.1
618.8, 168.8, -740.5
607.6, 172.2, -756.1
611.0, 161.0, -734.7
608.0, 153.2, -753.2
597.3, 145.4, -729.3
603.7, 137.6, -744.9
591.9, 121.0, -756.1
592.4, 125.9, -755.2
600.2, 87.3, -772.2
595.8, 121.0, -767.9
622.7, 143.9, -725.4
631.0, 149.8, -743.5
604.6, 184.9, -705.4
635.9, 182.5, -735.7
624.2, 165.4, -752.7
634.4, 182.5, -740.0
630.0, 183.9, -736.6
-,-,-
648.6, 200.0, -743.5
640.3, 208.8, -750.8
642.7, 228.3, -732.7
631.0, 229.8, -747.9
646.6, 233.7, -739.6
636.4, 210.7, -750.3
631.5, 197.6, -755.7
615.4, 203.9, -744.0
611.0, 189.3, -734.7
611.5, 196.1, -726.4
607.1, 188.3, -723.5
604.1, 191.2, -732.7
615.4, 216.1, -733.7
627.6, 228.8, -734.2
637.8, 242.9, -735.2
655.9, 249.8, -740.5
657.8, 252.7, -733.2
666.6, 249.8, -740.0
657.3, 247.3, -737.1
655.4, 236.6, -747.9
640.7, 217.6, -749.8
634.4, 202.9, -696.6
646.6, 207.8, -726.9
656.8, 175.6, -747.9
650.5, 221.5, -724.4
648.6, 183.4, -745.9
620.7, 114.2, -758.6
612.9, 78.5, -786.4
608.0, 23.9, -794.2
614.9, -4.4, -790.3
633.9, 51.2, -758.1
640.3, 62.9, -734.7
643.7, 72.2, -748.3
646.1, 62.9, -750.3
629.0, 66.8, -749.8
623.7, 73.7, -755.2
618.3, 82.4, -756.1
602.7, 99.0, -740.0
604.6, 119.5, -733.7
616.3, 142.4, -733.7
612.0, 172.2, -717.1
607.6, 198.5, -731.3
616.3, 182.9, -745.9
604.6, 182.5, -743.5
609.0, 179.0, -749.8
613.9, 226.4, -733.2
594.9, 180.0, -757.1
616.3, 193.7, -746.9
634.9, 179.0, -740.5
642.2, 155.1, -747.9
637.8, 126.8, -754.2
635.9, 119.0, -745.4
639.8, 83.9, -758.6
625.6, 71.2, -748.8
608.5, 72.2, -749.8
610.0, 51.2, -757.6
611.5, 63.4, -750.3
616.8, 51.7, -761.0
628.5, 56.1, -756.1
626.6, 44.4, -764.9
624.2, 33.2, -774.2
615.4, 30.2, -775.7
593.4, 43.9, -770.8
598.8, 44.9, -773.2
593.4, 58.5, -772.2
588.0, 59.5, -765.9
597.3, 56.6, -773.2
606.1, 61.0, -772.2
605.1, 62.0, -762.0
609.0, 73.2, -760.5
611.5, 84.9, -753.2
612.9, 101.5, -749.8
619.8, 102.0, -749.3
621.2, 110.7, -749.8
632.4, 112.2, -744.0
643.7, 93.7, -740.5
638.3, 117.1, -738.6
640.7, 142.0, -731.3
612.9, 192.7, -716.6
624.6, 183.4, -724.4
637.3, 202.0, -725.4
656.4, 182.5, -766.9
648.6, 190.3, -743.5
636.8, 166.4, -755.7
646.6, 175.1, -747.9
628.1, 169.8, -745.4
622.2, 164.9, -744.4
621.2, 147.3, -732.7
633.9, 127.3, -752.2
636.8, 107.8, -742.5
634.4, 102.9, -742.0
637.8, 112.7, -724.0
648.1, 109.8, -732.7
636.4, 122.9, -712.7
649.5, 112.7, -730.8
657.8, 115.6, -744.0
651.5, 124.9, -734.2
649.5, 118.1, -739.1
652.9, 113.2, -735.7
653.4, 114.6, -741.5
640.7, 120.5, -723.0
636.8, 113.2, -735.2
652.9, 127.8, -745.4
648.6, 151.7, -728.8
661.2, 139.5, -757.1
656.8, 148.8, -750.8
640.7, 140.5, -735.7
639.3, 150.3, -733.2
646.1, 131.2, -744.0
636.4, 149.8, -719.6
647.1, 139.0, -734.7
635.4, 143.9, -736.6
630.5, 140.0, -731.8
623.7, 135.1, -736.1
627.1, 133.2, -735.7
622.2, 134.6, -730.3
627.1, 124.9, -740.5
636.8, 131.7, -733.2
643.7, 130.7, -739.6
635.4, 136.6, -727.4
-,-,-
635.4, 148.8, -733.2
638.8, 155.6, -723.0
634.4, 140.0, -744.4
634.9, 156.6, -729.3
637.8, 148.8, -738.6
635.4, 159.0, -724.9
641.2, 170.3, -725.9
637.8, 174.2, -719.6
647.6, 167.8, -731.3
645.1, 164.4, -736.6
644.2, 169.8, -742.5
655.4, 166.8, -738.6
658.3, 187.3, -733.7
653.9, 189.8, -729.8
652.0, 201.0, -729.3
659.8, 209.8, -716.1
656.4, 215.6, -723.0
651.5, 224.9, -721.5
653.9, 223.9, -723.5
642.2, 212.7, -726.4
638.8, 189.8, -734.7
631.5, 170.7, -722.5
610.0, 146.8, -740.0
615.4, 159.5, -723.0
628.1, 151.7, -720.5
616.3, 142.9, -725.4
633.9, 120.0, -733.2
616.8, 110.3, -735.7
636.4, 72.7, -766.4
648.1, 82.9, -743.0
648.6, 76.6, -749.8
661.2, 88.3, -743.0
665.6, 111.7, -732.2
656.8, 110.3, -735.2
654.9, 125.4, -723.0
643.7, 132.7, -730.3
646.6, 116.6, -744.9
654.4, 108.8, -741.5
640.7, 105.4, -734.2
635.9, 90.2, -754.7
629.0, 107.8, -746.9
629.0, 91.2, -747.9
626.6, 113.2, -737.6
623.2, 121.5, -736.1
612.9, 122.4, -738.6
609.0, 160.5, -736.1
630.5, 143.9, -731.8
634.9, 145.4, -734.7
635.4, 122.4, -746.9
626.6, 137.6, -744.9
627.6, 131.7, -746.9
625.6, 121.5, -740.5
633.4, 114.2, -747.9
632.9, 94.6, -752.7
642.2, 77.1, -749.8
641.7, 52.2, -757.6
650.5, 36.1, -766.4
648.6, 38.1, -771.3
633.9, 4.4, -764.9
618.3, 12.2, -765.4
616.8, 20.0, -763.5
609.0, 37.6, -764.9
609.5, 35.1, -766.4
614.4, 46.8, -769.3
614.9, 51.7, -762.5
612.0, 67.3, -758.6
603.2, 70.2, -764.4
593.9, 85.9, -758.1
603.2, 102.0, -752.2
607.1, 96.6, -753.2
619.3, 100.5, -754.7
611.0, 97.6, -748.8
614.4, 101.0, -751.8
620.7, 103.4, -744.0
619.8, 96.1, -748.8
627.1, 94.2, -749.3
630.5, 97.1, -754.2
626.6, 114.6, -747.9
617.8, 142.9, -733.2
622.2, 155.1, -729.8
633.9, 160.0, -727.9
636.8, 154.2, -737.6
655.4, 136.1, -770.3
644.2, 164.4, -738.1
645.6, 167.8, -736.6
645.6, 154.2, -750.3
646.1, 155.6, -744.4
635.9, 154.2, -741.5
636.4, 123.9, -754.2
640.7, 129.8, -748.3
626.1, 141.5, -717.1
620.7, 104.4, -742.0
621.2, 107.8, -736.1
617.8, 101.0, -749.8
633.9, 98.1, -746.9
632.9, 103.9, -748.8
637.3, 122.9, -738.1
631.5, 137.6, -746.9
630.5, 142.9, -732.7
641.7, 145.4, -746.9
653.9, 125.9, -766.4
636.8, 119.0, -744.0
634.4, 100.5, -783.5
620.2, 119.5, -733.7
639.3, 115.1, -749.8
637.3, 145.4, -734.2
642.2, 170.3, -716.6
649.0, 147.8, -742.5
638.3, 165.9, -728.8
637.8, 148.3, -758.6
625.1, 158.5, -735.7
628.1, 154.6, -733.7
627.1, 145.4, -744.0
636.4, 135.6, -730.8
632.0, 145.4, -734.2
623.7, 140.5, -744.0
619.8, 161.0, -732.7
615.4, 173.7, -738.1
612.9, 190.7, -734.7
611.5, 198.5, -734.7
-,-,-
621.7, 213.7, -735.7
619.3, 234.2, -728.8
626.1, 239.0, -722.0
625.1, 243.9, -736.6
648.1, 224.9, -748.3
644.2, 226.8, -741.5
649.5, 217.6, -747.4
653.9, 202.5, -744.0
661.2, 204.4, -744.9
665.6, 204.9, -737.6
660.3, 191.2, -737.1
645.1, 182.9, -722.5
633.4, 178.5, -728.3
631.0, 185.4, -735.2
644.6, 168.3, -734.2
643.7, 119.0, -765.4
636.8, 192.7, -707.4
642.7, 132.2, -768.8
663.2, 91.2, -784.4
640.7, 84.4, -744.0
621.2, 56.6, -766.9
610.5, 37.1, -790.8
632.0, 46.3, -769.3
615.9, 55.1, -760.5
626.6, 46.3, -765.4
625.1, 82.9, -752.2
634.9, 64.4, -769.8
640.7, 46.8, -762.5
607.6, 60.5, -761.5
594.9, 83.4, -759.6
592.9, 73.7, -766.4
586.6, 92.2, -765.4
585.1, 89.8, -765.9
583.6, 113.7, -764.0
580.7, 100.5, -772.7
577.8, 99.0, -764.9
569.0, 109.8, -764.9
567.5, 99.5, -776.6
572.9, 95.1, -766.9
580.2, 87.8, -772.7
595.4, 89.8, -773.7
606.6, 81.5, -766.9
612.0, 54.6, -778.6
603.2, 41.0, -791.3
597.3, 38.5, -783.0
588.0, 28.8, -788.8
587.6, 8.8, -794.2
583.2, 3.9, -796.6
578.8, 9.8, -791.3
581.2, 17.1, -782.5
589.5, 11.7, -784.0
592.4, 45.4, -784.4
588.0, 53.7, -777.6
581.7, 60.5, -779.6
584.6, 62.4, -781.0
582.7, 62.4, -780.5
589.5, 61.0, -783.5
592.4, 50.7, -786.4
597.3, 57.1, -776.6
600.2, 64.4, -773.2
591.9, 86.8, -771.8
599.8, 88.3, -765.9
598.3, 111.7, -766.9
600.2, 100.5, -772.2
603.2, 108.8, -769.8
598.3, 112.2, -766.4
596.3, 137.6, -747.9
592.4, 137.1, -758.1
590.5, 137.1, -767.9
590.0, 137.1, -769.3
594.4, 142.4, -765.9
587.1, 149.8, -767.9
594.9, 149.3, -751.3
605.1, 151.7, -763.0
619.8, 147.8, -756.6
627.6, 145.4, -774.2
612.4, 145.4, -752.7
612.9, 129.3, -772.7
602.7, 111.2, -771.8
611.0, 109.3, -773.2
612.0, 127.8, -757.1
622.2, 125.4, -755.2
627.1, 136.1, -758.6
640.7, 134.6, -780.1
636.8, 141.5, -739.1
619.3, 150.3, -750.3
621.7, 155.1, -750.8
616.8, 139.5, -757.6
624.2, 135.1, -764.0
612.4, 126.3, -767.9
621.2, 153.2, -753.2
617.3, 158.1, -741.5
621.7, 147.3, -760.5
613.4, 153.7, -764.9
612.4, 157.6, -753.7
632.4, 152.2, -758.6
621.2, 148.3, -752.2
615.4, 129.8, -765.9
614.9, 126.8, -759.1
607.1, 118.5, -752.2
597.3, 122.0, -750.8
607.1, 113.2, -755.2
611.5, 125.9, -743.5
609.0, 131.7, -757.6
612.9, 127.8, -764.9
602.7, 158.1, -746.4
603.7, 162.4, -744.4
607.1, 192.7, -738.1
610.5, 210.3, -753.2
610.5, 224.4, -745.4
628.1, 232.2, -747.9
633.4, 222.5, -745.4
634.4, 212.2, -754.2
629.5, 209.8, -757.6
631.5, 203.4, -747.4
626.1, 190.7, -758.6
614.9, 194.2, -737.1
610.5, 192.7, -746.9
620.2, 179.5, -743.5
616.3, 178.1, -752.7
-,-,-
630.0, 152.2, -751.3
631.0, 137.6, -758.1
623.7, 142.0, -751.8
626.6, 138.1, -743.5
620.7, 133.7, -745.4
610.5, 156.6, -749.8
616.3, 157.1, -744.0
612.0, 177.1, -750.8
622.2, 182.5, -741.5
614.4, 181.0, -735.7
611.5, 161.0, -752.2
616.8, 169.8, -741.0
619.3, 125.4, -766.9
621.2, 136.6, -749.3
634.4, 102.9, -748.8
628.1, 115.1, -746.4
639.8, 106.3, -764.4
641.2, 95.1, -754.7
636.8, 102.0, -758.6
640.7, 96.1, -769.8
631.0, 125.4, -744.4
631.0, 123.4, -762.0
630.5, 122.4, -751.8
625.6, 131.7, -725.9
615.4, 105.4, -753.7
606.6, 138.1, -757.6
626.6, 148.3, -759.1
648.6, 138.1, -751.8
648.6, 139.5, -750.8
632.9, 162.0, -746.9
637.3, 156.1, -743.0
632.9, 214.2, -758.1
620.2, 172.2, -726.9
616.3, 149.3, -752.7
588.5, 148.3, -760.5
605.6, 130.7, -761.5
607.6, 118.5, -761.5
609.5, 103.9, -780.1
614.9, 90.7, -766.9
611.5, 97.6, -759.6
603.2, 105.9, -762.0
611.5, 89.8, -765.4
596.3, 86.8, -762.5
596.3, 75.6, -769.3
597.8, 78.5, -773.2
598.3, 68.3, -781.0
595.8, 66.3, -787.4
588.0, 65.9, -784.9
584.6, 73.7, -787.4
581.2, 88.8, -779.6
581.2, 91.2, -774.7
580.7, 96.6, -778.1
589.0, 93.7, -781.0
591.0, 98.5, -777.6
593.9, 102.4, -781.0
596.8, 103.4, -770.3
595.8, 115.6, -771.3
598.8, 116.6, -774.7
592.4, 122.9, -766.9
598.8, 121.5, -762.0
586.1, 130.7, -768.3
599.8, 117.6, -765.4
607.1, 110.7, -768.3
596.8, 106.3, -773.7
602.7, 96.1, -775.7
596.3, 97.6, -768.8
594.9, 110.3, -768.3
596.3, 118.5, -765.4
605.1, 114.2, -760.5
603.2, 128.8, -774.7
601.7, 152.2, -758.6
600.7, 149.3, -781.0
593.9, 174.6, -750.3
599.8, 167.3, -757.1
602.7, 171.2, -755.7
602.7, 172.7, -767.9
598.8, 184.9, -750.8
612.9, 188.3, -756.1
624.6, 181.5, -763.5
618.8, 170.7, -761.0
597.8, 149.3, -757.6
597.8, 123.9, -768.3
587.1, 113.2, -768.8
593.4, 124.9, -770.3
590.5, 109.8, -766.9
600.2, 95.6, -765.9
603.2, 109.3, -760.1
600.2, 104.4, -753.7
594.9, 97.1, -771.8
597.8, 102.4, -768.8
600.7, 97.6, -810.8
606.1, 137.1, -749.3
611.5, 107.8, -794.2
612.9, 119.5, -769.3
620.2, 135.1, -751.8
613.4, 128.8, -769.8
612.0, 123.4, -760.5
613.4, 121.5, -771.3
614.9, 124.4, -768.8
613.4, 129.8, -772.2
611.0, 131.2, -763.0
615.4, 130.7, -758.1
612.9, 137.1, -750.8
595.4, 151.7, -738.6
611.0, 132.7, -760.5
611.0, 134.2, -753.2
614.4, 106.3, -781.0
612.0, 125.9, -769.3
609.0, 131.2, -755.2
611.5, 140.5, -747.9
617.8, 143.4, -760.5
609.5, 158.5, -743.5
607.6, 150.7, -752.7
608.0, 133.2, -764.9
613.4, 142.0, -760.5
615.4, 131.7, -773.2
605.1, 125.9, -762.0
600.7, 119.0, -753.2
598.3, 115.6, -756.1
602.7, 99.0, -760.1
-,-,-
603.7, 104.4, -763.5
596.3, 130.7, -752.7
606.1, 131.2, -761.5
608.5, 145.9, -755.7
615.9, 161.5, -757.1
614.4, 186.8, -751.3
621.2, 236.1, -737.1
622.2, 237.1, -737.6
615.4, 244.4, -748.8
618.3, 238.6, -753.7
620.7, 230.7, -748.3
617.3, 226.8, -750.8
618.8, 211.7, -747.9
623.2, 195.1, -751.8
630.0, 184.4, -754.7
620.7, 177.6, -744.9
612.4, 156.6, -757.6
596.3, 154.2, -761.5
585.1, 148.8, -749.3
569.0, 157.6, -746.4
575.8, 153.7, -752.7
587.1, 165.9, -735.2
591.0, 155.1, -754.2
607.1, 118.1, -757.6
585.6, 105.9, -764.9
597.8, 79.0, -784.0
605.6, 68.3, -769.8
615.9, 86.3, -776.6
627.6, 83.9, -776.6
633.4, 87.3, -778.1
655.9, 71.7, -792.2
648.1, 83.9, -748.3
638.8, 68.3, -772.7
630.5, 86.8, -765.9
622.7, 100.0, -762.5
611.5, 115.6, -770.3
603.2, 130.7, -761.0
606.1, 148.3, -758.6
592.9, 158.5, -755.7
600.2, 159.0, -768.3
616.8, 133.2, -756.6
610.5, 149.8, -759.6
601.7, 140.0, -768.8
599.3, 134.2, -761.5
601.7, 122.9, -770.3
610.5, 111.7, -767.9
606.6, 108.8, -772.2
609.5, 124.4, -770.8
584.1, 118.1, -778.6
612.0, 109.3, -757.1
597.3, 100.0, -775.2
587.6, 104.9, -767.4
589.5, 85.4, -771.3
590.5, 36.6, -799.1
587.1, 26.8, -797.1
585.6, 14.1, -807.4
580.2, 29.3, -802.0
567.5, 51.7, -785.9
571.9, 63.4, -782.0
576.3, 77.1, -784.4
584.1, 84.4, -782.0
599.3, 91.7, -787.4
603.7, 101.5, -783.0
604.6, 101.5, -782.0
590.0, 107.3, -777.6
582.7, 101.0, -778.6
576.8, 92.7, -780.5
571.0, 89.3, -782.5
562.2, 80.0, -775.7
570.0, 75.1, -777.1
566.6, 79.5, -778.6
591.9, 85.9, -767.4
597.8, 74.6, -768.8
614.9, 97.1, -778.1
599.3, 135.1, -766.9
595.4, 152.2, -763.0
610.5, 168.3, -758.6
611.5, 181.0, -755.2
612.0, 168.3, -764.4
624.6, 164.4, -784.9
588.5, 178.5, -785.9
601.7, 169.3, -769.8
598.8, 198.1, -756.6
591.5, 186.8, -773.7
601.2, 162.4, -769.8
588.5, 165.9, -767.4
582.7, 157.1, -765.9
584.1, 147.8, -764.0
597.8, 133.2, -771.3
594.4, 128.3, -765.9
604.1, 122.9, -774.2
609.0, 125.9, -776.1
612.9, 118.1, -767.9
610.0, 110.3, -779.6
601.7, 117.6, -774.7
589.5, 113.7, -771.8
590.5, 107.3, -768.8
589.0, 96.6, -772.2
593.9, 103.9, -774.2
605.1, 105.4, -782.0
612.0, 105.9, -784.4
591.9, 149.3, -757.6
596.8, 150.3, -768.8
605.6, 155.6, -765.9
592.9, 149.8, -762.0
591.5, 155.1, -784.0
594.4, 148.8, -786.4
605.6, 146.4, -767.9
600.7, 173.7, -764.0
596.8, 190.7, -768.3
585.6, 194.6, -763.0
576.8, 204.4, -768.8
578.8, 205.4, -779.1
577.8, 197.1, -768.8
576.3, 200.5, -778.6
576.8, 224.4, -746.4
577.8, 224.4, -758.6
574.9, 199.5, -763.5
575.4, 194.2, -776.6
577.8, 196.1, -773.2
-,-,-
571.9, 210.3, -772.7
575.8, 214.2, -770.3
586.1, 216.6, -762.0
584.6, 220.0, -770.3
602.2, 213.7, -766.4
622.7, 195.1, -767.4
618.8, 182.9, -771.3
636.8, 195.6, -763.0
635.9, 201.0, -767.9
628.5, 231.2, -764.9
623.7, 188.3, -774.7
605.6, 194.2, -755.7
598.8, 122.0, -816.6
567.1, 124.4, -768.3
527.5, 162.0, -787.9
559.7, 106.8, -818.1
569.0, 138.1, -744.0
560.7, 120.5, -765.4
559.2, 146.8, -778.1
565.6, 146.8, -774.7
593.9, 100.5, -772.7
593.4, 76.6, -766.4
576.3, 107.3, -778.1
558.3, 99.5, -798.6
588.0, 97.1, -817.1
594.4, 95.6, -789.3
597.3, 84.9, -807.9
577.3, 105.4, -785.9
569.0, 104.9, -790.3
549.0, 98.5, -784.9
546.6, 107.3, -776.6
541.7, 100.0, -784.9
539.2, 86.3, -796.2
561.2, 65.4, -798.1
566.6, 81.0, -792.7
602.2, 58.1, -790.3
601.2, 71.2, -795.7
601.7, 36.1, -798.6
594.9, 61.5, -799.1
591.9, 66.3, -804.4
591.5, 64.9, -798.6
595.4, 74.6, -800.1
588.5, 86.3, -795.2
577.8, 97.6, -792.2
570.0, 112.7, -789.8
569.0, 114.6, -784.4
574.4, 116.1, -778.1
576.3, 103.9, -794.7
583.2, 100.5, -794.2
582.7, 96.1, -800.5
579.7, 86.8, -804.4
577.8, 90.2, -794.2
572.4, 84.4, -797.6
560.7, 84.9, -788.8
557.3, 86.8, -784.9
551.9, 91.7, -784.4
551.4, 84.9, -783.5
556.3, 80.5, -780.1
558.3, 74.6, -784.0
569.5, 76.6, -787.4
577.3, 76.6, -780.5
584.6, 80.5, -785.4
585.1, 82.0, -776.6
587.6, 106.3, -781.5
582.2, 132.2, -765.4
581.2, 175.6, -754.2
581.7, 173.7, -778.6
592.9, 172.2, -764.9
602.2, 183.4, -776.1
612.0, 200.5, -775.7
618.3, 215.6, -763.0
620.7, 199.0, -769.3
615.9, 181.5, -774.7
604.6, 156.1, -779.1
600.2, 145.9, -773.7
591.0, 132.7, -773.2
586.1, 125.9, -771.8
585.1, 114.2, -776.1
588.5, 119.5, -755.2
592.4, 122.9, -760.5
604.6, 127.8, -775.2
593.4, 130.7, -763.5
598.8, 136.1, -759.1
601.7, 132.7, -774.2
600.2, 114.2, -790.8
597.8, 129.3, -764.9
600.2, 119.5, -770.3
592.4, 120.5, -783.5
597.8, 118.5, -771.8
602.7, 124.9, -768.8
604.1, 132.2, -777.6
601.7, 153.7, -749.8
619.8, 132.2, -792.2
596.3, 153.2, -768.3
606.1, 153.2, -766.9
602.2, 122.4, -782.5
592.9, 138.5, -778.1
597.8, 142.0, -768.8
589.0, 121.5, -774.2
589.5, 141.5, -777.6
589.0, 141.0, -776.1
583.2, 159.0, -763.5
584.6, 152.7, -761.0
592.4, 146.8, -766.4
593.9, 148.8, -786.4
581.7, 154.6, -761.0
590.0, 157.1, -773.7
579.7, 169.8, -780.5