-,-,-
-671.0, 527.4, 587.4
-630.0, 543.9, 547.4
-637.8, 498.1, 552.2
-647.1, 496.1, 604.9
-666.1, 518.6, 582.0
-665.1, 501.0, 511.3
-694.9, 531.7, 648.8
-691.0, 523.4, 563.9
-661.7, 530.3, 604.9
-666.6, 486.4, 592.2
-672.0, 471.3, 633.7
-671.5, 427.8, 624.4
-670.0, 414.7, 620.5
-689.5, 422.5, 678.1
-691.0, 428.8, 629.3
-678.8, 465.9, 620.0
-696.9, 494.7, 654.7
-685.6, 504.4, 577.1
-703.2, 522.5, 602.0
-721.8, 532.2, 582.0
-742.2, 573.2, 586.4
-751.5, 557.6, 598.1
-757.9, 568.3, 609.3
-751.5, 527.4, 610.3
-734.4, 506.4, 618.6
-737.9, 465.4, 617.1
-730.5, 450.3, 609.3
-706.6, 433.2, 599.6
-694.9, 442.0, 596.1
-683.7, 444.9, 586.4
-674.4, 459.5, 581.5
-672.5, 476.1, 579.1
-670.0, 475.6, 581.0
-665.1, 471.7, 578.1
-645.1, 475.6, 569.8
-648.1, 477.1, 556.6
-668.6, 461.0, 571.3
-679.8, 429.3, 568.8
-672.0, 436.6, 566.4
-681.2, 405.4, 589.3
-688.6, 443.0, 589.3
-692.0, 365.9, 582.5
-729.1, 436.1, 591.7
-690.0, 418.6, 582.5
-711.0, 400.5, 578.6
-716.9, 443.4, 559.5
-705.2, 416.6, 551.7
-713.9, 432.2, 569.3
-705.6, 488.3, 555.2
-698.3, 492.2, 580.0
-703.2, 471.3, 542.0
-705.2, 495.2, 560.5
-711.5, 504.4, 576.6
-723.2, 516.6, 535.2
-730.0, 462.0, 552.2
-735.9, 392.7, 558.1
-752.5, 415.1, 584.4
-760.3, 446.4, 590.8
-730.5, 378.1, 560.0
-732.5, 372.2, 582.5
-729.1, 380.5, 585.4
-719.8, 327.8, 604.4
-699.3, 331.7, 575.6
-699.8, 362.0, 575.6
-695.4, 370.8, 564.4
-676.4, 346.9, 557.1
-677.3, 365.9, 566.4
-683.2, 381.5, 558.6
-678.8, 395.6, 538.6
-677.3, 417.1, 511.3
-680.8, 423.9, 493.7
-699.8, 451.2, 501.0
-715.4, 449.3, 496.6
-717.4, 453.2, 479.5
-722.2, 463.9, 481.0
-739.8, 450.3, 484.9
-749.6, 447.3, 493.7
-766.6, 440.0, 500.0
-792.0, 428.3, 498.1
-814.5, 437.1, 491.7
-824.2, 444.9, 483.9
-839.4, 451.2, 472.7
-840.8, 443.9, 460.5
-830.1, 450.8, 450.3
-816.9, 450.8, 453.2
-810.1, 440.5, 452.7
-802.8, 436.6, 459.5
-787.6, 433.2, 457.6
-773.5, 439.5, 448.8
-764.2, 440.0, 440.5
-765.2, 434.2, 441.5
-775.9, 428.8, 444.9
-768.6, 420.0, 440.5
-766.2, 409.8, 449.3
-753.0, 418.6, 453.2
-761.3, 415.1, 468.3
-773.5, 425.4, 460.5
-773.0, 420.0, 474.2
-775.4, 417.6, 465.9
-756.4, 417.6, 439.1
-749.6, 404.4, 435.6
-772.0, 416.1, 449.3
-778.8, 438.1, 449.3
-755.9, 422.5, 431.2
-809.1, 453.2, 444.9
-809.6, 395.1, 421.5
-841.8, 442.5, 450.8
-846.2, 439.1, 410.8
-808.6, 430.8, 414.7
-813.5, 479.1, 448.3
-778.8, 530.3, 401.5
-794.0, 501.5, 419.5
-785.7, 495.6, 422.0
-824.7, 552.2, 443.9
-785.7, 526.9, 392.2
-806.2, 539.5, 383.4
-812.0, 529.8, 387.8
-815.4, 523.9, 416.6
-774.0, 538.1, 393.7
-774.9, 536.6, 406.4
-,-,-
-775.4, 533.7, 409.3
-781.8, 527.4, 444.9
-775.9, 547.4, 440.5
-775.4, 559.5, 436.1
-772.5, 573.2, 444.4
-769.1, 577.6, 448.3
-757.4, 575.6, 437.1
-752.5, 569.3, 442.0
-760.8, 558.6, 428.8
-783.2, 545.4, 428.3
-796.9, 529.8, 431.7
-802.8, 520.5, 435.2
-812.5, 509.8, 444.9
-825.7, 508.3, 452.2
-832.0, 513.7, 450.3
-827.6, 508.8, 444.9
-800.8, 521.5, 431.2
-774.5, 530.8, 411.7
-765.7, 533.7, 422.0
-750.5, 543.0, 418.6
-746.6, 539.1, 436.6
-757.9, 542.0, 475.6
-747.6, 508.8, 442.0
-746.6, 457.6, 460.0
-763.2, 399.5, 472.2
-833.5, 416.1, 526.4
-828.6, 426.9, 518.6
-815.4, 381.0, 489.8
-785.2, 373.7, 476.6
-761.8, 416.6, 505.9
-724.7, 428.8, 488.3
-699.3, 435.2, 485.9
-674.4, 437.1, 471.7
-662.2, 439.1, 512.7
-666.6, 469.8, 519.5
-667.6, 447.8, 517.1
-690.5, 442.5, 512.7
-710.0, 493.7, 535.6
-715.9, 444.4, 520.5
-741.8, 515.6, 538.1
-753.0, 506.4, 519.5
-730.0, 469.8, 506.4
-755.4, 487.8, 545.4
-740.3, 484.9, 521.0
-754.9, 385.9, 571.3
-753.0, 423.4, 553.2
-743.7, 435.6, 548.3
-727.6, 440.5, 527.8
-711.5, 389.8, 534.2
-727.1, 436.1, 559.1
-723.7, 450.8, 534.2
-712.5, 433.7, 513.7
-704.7, 411.7, 505.9
-712.0, 390.8, 533.2
-714.9, 432.7, 550.3
-715.4, 425.9, 523.9
-721.8, 443.9, 516.6
-719.3, 458.1, 522.5
-712.0, 480.0, 516.1
-706.1, 483.9, 503.9
-707.6, 490.3, 501.5
-713.0, 490.8, 495.2
-712.5, 488.8, 495.2
-715.4, 487.3, 489.8
-721.8, 494.7, 501.5
-740.3, 506.9, 494.2
-741.3, 498.1, 491.7
-748.6, 503.4, 490.3
-754.9, 487.8, 491.7
-757.4, 480.0, 492.7
-763.2, 501.0, 494.2
-765.7, 487.3, 473.2
-786.7, 476.6, 475.2
-796.4, 438.1, 486.4
-810.6, 434.7, 506.4
-808.1, 423.4, 499.5
-796.9, 417.6, 483.9
-797.4, 426.4, 476.1
-797.9, 424.9, 484.9
-786.2, 419.5, 485.9
-770.6, 424.4, 482.0
-767.6, 441.5, 466.9
-781.3, 446.9, 465.4
-797.9, 456.1, 471.3
-801.3, 458.1, 443.0
-735.9, 460.5, 441.5
-706.1, 477.1, 461.5
-659.3, 463.9, 486.9
-737.9, 487.3, 447.8
-783.7, 447.8, 476.6
-830.1, 442.0, 470.8
-841.8, 456.1, 509.3
-840.8, 446.9, 515.2
-663.2, 422.0, 461.0
-713.5, 480.5, 533.2
-724.7, 445.4, 479.5
-733.0, 463.4, 503.4
-716.9, 454.2, 477.1
-522.6, 486.9, 516.6
-816.4, 398.6, 445.4
-806.2, 453.2, 459.5
-787.1, 427.3, 407.8
-780.3, 421.0, 418.6
-822.8, 418.6, 423.0
-822.8, 375.6, 367.8
-825.7, 462.0, 450.3
-784.2, 429.8, 436.1
-745.2, 483.4, 451.7
-722.2, 477.1, 411.2
-752.0, 543.9, 405.4
-881.8, 503.9, 473.2
-927.2, 456.6, 488.8
-897.4, 448.3, 486.4
-841.8, 458.6, 448.3
-823.3, 452.7, 432.2
-812.5, 414.7, 433.2
-819.4, 405.4, 453.7
-804.7, 399.1, 443.9
-754.0, 386.9, 462.0
-791.0, 391.7, 452.2
-,-,-
-818.4, 395.6, 476.6
-820.8, 409.8, 483.9
-826.7, 371.7, 482.5
-766.2, 398.6, 498.6
-813.0, 465.9, 445.9
-776.4, 391.7, 421.5
-785.2, 441.0, 468.3
-788.6, 472.2, 538.1
-733.0, 433.7, 506.9
-793.5, 389.8, 481.5
-791.0, 446.4, 512.7
-748.1, 457.1, 523.9
-727.1, 400.0, 463.4
-775.9, 414.7, 433.7
-790.6, 480.5, 472.7
-756.9, 482.0, 443.9
-778.4, 528.3, 430.8
-914.5, 530.3, 458.1
-996.0, 556.6, 517.1
-943.3, 558.6, 510.3
-831.6, 558.1, 458.1
-758.4, 588.8, 440.5
-690.0, 567.8, 429.8
-697.8, 522.0, 451.2
-695.4, 528.3, 471.7
-727.1, 483.9, 497.1
-761.8, 456.1, 513.7
-780.3, 431.7, 561.0
-804.2, 424.9, 584.9
-771.5, 416.1, 565.9
-704.7, 415.6, 547.8
-665.1, 419.5, 534.7
-621.7, 420.0, 539.5
-587.1, 437.6, 550.3
-589.0, 421.5, 535.6
-651.5, 428.3, 530.8
-695.4, 408.3, 536.6
-709.6, 419.5, 567.8
-736.4, 501.0, 575.6
-744.7, 451.2, 565.9
-763.7, 504.4, 546.9
-743.7, 521.0, 504.4
-707.1, 466.4, 548.3
-736.4, 402.0, 507.4
-751.5, 488.3, 604.9
-750.5, 437.1, 521.0
-777.9, 421.5, 537.1
-815.9, 430.8, 576.1
-797.4, 422.0, 574.7
-775.4, 405.4, 542.0
-758.4, 327.3, 562.0
-768.1, 375.6, 572.2
-744.7, 360.5, 522.5
-758.8, 352.2, 523.0
-825.7, 338.6, 562.0
-817.4, 346.9, 556.6
-786.2, 332.7, 548.8
-749.6, 355.6, 555.2
-707.1, 385.4, 526.9
-677.3, 361.0, 526.9
-666.6, 406.4, 518.6
-678.3, 395.1, 504.9
-698.3, 402.5, 511.7
-705.6, 398.6, 511.7
-693.9, 403.0, 498.1
-708.1, 425.4, 500.5
-712.5, 424.4, 471.7
-741.8, 402.0, 487.8
-769.6, 416.6, 473.2
-779.8, 405.4, 464.4
-809.6, 409.8, 466.9
-846.2, 421.5, 472.2
-852.5, 439.1, 467.3
-829.6, 441.5, 444.4
-831.1, 445.4, 444.9
-864.7, 450.8, 447.8
-877.9, 442.5, 442.0
-873.5, 435.2, 440.5
-859.9, 426.4, 438.6
-850.1, 433.7, 441.0
-831.6, 428.3, 447.8
-824.2, 426.9, 457.1
-816.9, 407.8, 451.7
-806.2, 403.4, 468.3
-787.6, 417.1, 468.3
-768.1, 413.2, 461.0
-773.0, 411.2, 460.0
-767.6, 374.7, 467.8
-784.2, 413.7, 486.9
-774.5, 418.6, 478.1
-753.0, 413.2, 466.4
-752.5, 408.8, 468.8
-747.6, 373.2, 466.4
-765.7, 397.6, 478.6
-759.3, 374.2, 467.8
-761.8, 347.3, 448.3
-746.2, 338.6, 420.5
-779.3, 384.4, 454.2
-805.2, 458.6, 485.9
-765.2, 452.2, 453.2
-775.9, 460.5, 476.1
-800.3, 370.8, 452.7
-856.0, 453.2, 562.5
-792.5, 436.1, 432.2
-791.5, 457.6, 430.8
-800.8, 436.1, 454.7
-805.2, 496.1, 428.3
-786.2, 498.1, 444.9
-774.9, 473.2, 450.3
-811.5, 477.1, 437.1
-822.3, 448.8, 453.2
-816.4, 455.2, 448.3
-793.5, 421.5, 436.6
-801.3, 422.0, 444.9
-822.3, 417.6, 462.0
-815.4, 439.1, 459.1
-785.2, 411.7, 450.3
-794.0, 420.5, 452.2
-813.0, 444.9, 476.6
-814.0, 445.9, 470.8
-,-,-
-803.7, 506.4, 473.2
-792.5, 498.6, 465.4
-780.8, 488.8, 442.0
-780.8, 495.2, 466.4
-780.8, 518.6, 479.1
-768.1, 544.4, 477.6
-774.5, 558.6, 495.6
-774.9, 564.9, 487.3
-751.5, 559.5, 483.9
-770.1, 545.4, 499.1
-772.5, 541.0, 497.1
-766.2, 512.7, 487.8
-776.4, 505.9, 497.6
-769.6, 489.3, 499.5
-753.0, 486.9, 500.0
-750.1, 462.0, 501.0
-770.1, 463.0, 515.6
-775.9, 443.0, 514.2
-778.4, 431.7, 513.2
-776.4, 437.6, 529.3
-773.0, 445.4, 529.3
-747.1, 471.3, 526.9
-711.5, 441.0, 546.4
-705.6, 424.9, 544.4
-704.7, 441.5, 522.5
-672.0, 416.6, 535.2
-706.1, 477.6, 581.5
-675.9, 424.9, 538.1
-710.5, 436.1, 550.8
-703.7, 446.9, 528.3
-702.2, 353.7, 557.1
-764.2, 411.2, 567.4
-747.6, 471.7, 630.8
-685.6, 419.1, 541.5
-670.5, 429.8, 571.3
-664.2, 433.7, 599.6
-673.0, 372.7, 574.7
-670.0, 432.2, 611.3
-658.3, 294.7, 623.0
-736.4, 433.2, 662.0
-689.5, 421.0, 587.8
-657.3, 349.8, 638.1
-693.4, 398.1, 663.0
-661.7, 351.7, 629.3
-660.3, 328.3, 610.8
-662.7, 306.8, 599.6
-771.5, 316.1, 659.6
-764.2, 341.0, 637.6
-733.0, 322.0, 634.7
-676.4, 288.3, 630.3
-660.8, 350.3, 642.5
-652.0, 414.7, 597.6
-630.5, 431.2, 595.2
-609.5, 443.0, 586.9
-595.4, 459.1, 591.7
-591.9, 481.5, 589.3
-595.8, 486.9, 593.2
-624.2, 478.6, 569.3
-670.0, 467.8, 601.0
-698.8, 459.1, 576.6
-704.7, 453.2, 575.2
-727.6, 444.4, 580.0
-754.0, 440.0, 584.4
-745.7, 431.7, 567.4
-734.0, 425.4, 563.9
-738.3, 427.8, 552.2
-754.0, 433.2, 559.1
-760.3, 448.8, 564.9
-749.6, 441.5, 533.7
-736.4, 459.1, 524.4
-730.0, 460.0, 513.7
-737.4, 456.6, 512.2
-752.5, 454.2, 511.3
-765.7, 455.6, 509.3
-804.7, 456.6, 504.4
-821.3, 450.3, 504.4
-824.2, 444.9, 496.1
-798.4, 453.2, 487.8
-770.6, 459.5, 506.9
-753.5, 448.8, 497.6
-737.4, 450.3, 498.6
-740.8, 443.4, 498.6
-744.2, 445.9, 500.0
-740.3, 442.5, 487.8
-724.2, 447.3, 495.2
-728.6, 420.0, 486.9
-720.8, 418.1, 501.0
-720.8, 405.9, 501.0
-730.0, 426.9, 523.0
-703.2, 413.7, 521.5
-708.1, 396.6, 527.8
-707.1, 401.0, 517.6
-674.9, 409.8, 519.5
-721.8, 445.9, 523.0
-727.1, 435.6, 496.1
-721.3, 422.5, 486.4
-753.0, 410.8, 482.5
-755.9, 432.7, 495.6
-761.3, 406.4, 479.5
-792.0, 433.2, 523.4
-783.7, 453.2, 468.8
-767.6, 447.3, 473.2
-814.0, 503.0, 480.0
-774.0, 481.0, 382.0
-818.4, 523.9, 476.1
-800.8, 483.4, 442.5
-777.9, 486.4, 427.3
-812.5, 505.9, 471.3
-763.2, 481.5, 469.3
-770.1, 493.7, 423.0
-785.2, 498.6, 455.6
-784.7, 520.5, 438.6
-781.8, 557.1, 443.0
-759.3, 556.1, 417.6
-762.3, 557.1, 455.6
-773.0, 551.3, 451.7
-779.3, 537.6, 464.4
-783.7, 518.6, 479.1
-770.1, 525.4, 472.7
-764.7, 529.8, 487.3
-,-,-
-719.3, 533.2, 472.7
-725.2, 558.1, 477.1
-735.9, 560.5, 478.6
-743.2, 532.7, 482.5
-749.1, 541.0, 473.7
-756.9, 535.2, 470.3
-755.4, 528.3, 470.3
-766.2, 521.0, 474.7
-781.3, 517.6, 466.4
-784.7, 506.9, 469.3
-800.3, 511.7, 457.6
-787.1, 509.8, 455.2
-773.5, 502.5, 441.0
-779.3, 509.8, 455.2
-777.9, 515.2, 446.4
-777.9, 522.5, 470.3
-781.8, 560.5, 457.6
-761.8, 567.8, 435.6
-759.8, 553.2, 427.3
-770.1, 500.0, 435.6
-772.5, 476.6, 474.7
-777.9, 427.8, 503.0
-810.1, 470.3, 531.3
-794.5, 445.4, 481.5
-774.9, 437.1, 472.2
-919.4, 436.1, 500.0
-808.6, 432.7, 512.7
-699.3, 451.7, 470.3
-679.3, 474.2, 495.2
-711.0, 459.5, 512.7
-724.7, 433.2, 523.0
-729.6, 449.3, 519.5
-718.8, 465.9, 535.6
-709.6, 451.7, 530.8
-708.1, 430.3, 550.3
-735.9, 427.8, 552.7
-738.3, 449.8, 571.7
-713.5, 419.5, 542.5
-727.1, 440.0, 571.7
-712.5, 424.4, 554.7
-711.0, 410.3, 553.2
-694.9, 446.9, 553.2
-682.7, 434.7, 557.1
-690.0, 434.2, 553.2
-681.2, 425.9, 559.5
-686.6, 428.3, 554.7
-688.1, 441.0, 573.2
-679.8, 442.5, 562.0
-686.6, 453.2, 562.0
-684.7, 444.9, 556.1
-683.2, 412.7, 547.8
-697.8, 458.1, 542.0
-675.9, 430.3, 556.1
-684.2, 429.8, 549.3
-699.8, 419.5, 557.1
-713.9, 441.5, 567.8
-737.4, 435.6, 565.4
-743.2, 425.9, 553.2
-741.3, 433.2, 556.1
-729.6, 427.8, 544.4
-732.5, 412.2, 546.4
-729.6, 404.9, 563.5
-731.5, 386.4, 564.4
-728.1, 383.4, 567.8
-722.7, 393.2, 566.4
-741.8, 409.8, 555.6
-750.5, 411.2, 555.6
-734.0, 412.2, 548.3
-726.1, 418.6, 546.9
-730.0, 418.6, 544.4
-736.4, 413.2, 551.3
-731.5, 419.1, 552.2
-729.6, 411.2, 551.3
-720.3, 403.4, 554.7
-708.6, 390.3, 554.2
-694.4, 367.3, 576.1
-674.4, 342.5, 579.6
-648.6, 334.7, 591.7
-659.3, 346.4, 591.7
-671.5, 360.0, 595.2
-611.0, 325.4, 545.9
-697.4, 405.4, 575.6
-707.6, 432.7, 561.0
-681.7, 464.9, 556.6
-677.8, 492.2, 506.9
-717.4, 495.2, 533.7
-729.1, 496.1, 534.7
-753.0, 500.5, 520.0
-765.2, 468.3, 531.3
-780.3, 499.5, 566.4
-782.8, 534.7, 560.0
-741.8, 499.5, 518.6
-746.6, 471.3, 526.4
-750.1, 437.1, 542.5
-756.9, 420.0, 563.0
-779.3, 483.4, 621.5
-723.7, 383.4, 515.2
-756.4, 395.6, 539.5
-754.0, 450.8, 578.6
-723.7, 458.6, 541.5
-703.2, 457.1, 517.6
-717.8, 467.3, 554.2
-722.2, 430.3, 511.3
-702.2, 398.6, 521.5
-729.1, 427.3, 551.7
-727.6, 458.1, 528.3
-721.8, 473.2, 518.6
-712.0, 497.1, 505.4
-739.3, 532.2, 523.0
-711.0, 531.7, 451.2
-751.5, 537.1, 512.2
-745.2, 556.1, 511.7
-726.6, 591.7, 481.5
-728.6, 608.8, 500.0
-730.5, 617.1, 484.4
-719.3, 617.6, 501.5
-717.8, 582.5, 503.4
-723.2, 583.0, 490.8
-733.5, 554.7, 484.9
-741.3, 519.1, 499.5
-,-,-
-743.2, 503.9, 511.3
-746.2, 488.8, 515.6
-745.7, 487.8, 507.8
-768.1, 489.8, 512.2
-790.1, 492.2, 519.5
-791.5, 505.4, 513.2
-779.3, 510.3, 517.1
-751.0, 517.6, 504.4
-750.5, 520.5, 516.1
-754.4, 494.2, 516.1
-774.9, 470.3, 512.7
-817.4, 502.5, 500.0
-790.1, 494.2, 548.8
-762.7, 492.2, 512.2
-772.5, 461.0, 510.8
-789.6, 455.6, 503.4
-784.7, 370.3, 521.0
-810.6, 449.8, 557.1
-781.3, 437.6, 480.5
-753.0, 463.4, 540.5
-694.4, 409.3, 558.1
-684.7, 432.2, 563.5
-655.9, 459.1, 545.4
-653.9, 441.0, 555.6
-648.1, 376.6, 581.0
-681.2, 412.7, 613.2
-679.8, 452.7, 595.6
-658.8, 417.6, 558.1
-646.1, 409.8, 562.0
-673.9, 417.6, 585.9
-665.6, 393.7, 564.9
-666.6, 370.3, 572.7
-676.4, 366.9, 589.3
-687.1, 380.0, 589.8
-677.8, 376.6, 577.6
-673.0, 364.4, 584.9
-694.4, 381.0, 586.9
-698.8, 395.6, 576.1
-695.9, 392.2, 574.7
-704.2, 386.4, 562.5
-707.1, 371.2, 578.1
-711.5, 362.0, 565.4
-732.0, 373.2, 567.8
-740.8, 374.7, 566.4
-750.5, 388.8, 563.5
-755.9, 409.3, 558.6
-742.7, 407.8, 545.9
-746.6, 422.5, 550.8
-751.0, 430.3, 543.0
-738.3, 433.2, 533.2
-743.7, 432.7, 533.2
-761.3, 433.7, 534.2
-769.6, 423.9, 522.5
-778.4, 422.5, 526.4
-777.9, 410.3, 521.5
-774.0, 421.5, 518.6
-778.8, 431.7, 514.7
-730.5, 403.4, 507.4
-710.5, 407.3, 506.9
-706.1, 405.4, 512.7
-695.9, 397.6, 519.1
-707.6, 397.6, 523.9
-711.0, 362.5, 531.3
-715.4, 400.5, 549.8
-735.9, 411.7, 537.1
-735.9, 403.0, 524.4
-745.2, 414.2, 510.8
-771.5, 444.4, 516.1
-772.0, 435.6, 484.4
-774.0, 440.0, 506.9
-764.7, 450.8, 484.9
-749.1, 463.0, 483.4
-734.4, 464.4, 497.1
-757.9, 457.6, 489.3
-769.6, 447.3, 517.6
-757.9, 450.3, 488.3
-761.8, 461.0, 510.3
-775.9, 441.0, 517.6
-780.3, 457.6, 501.0
-784.2, 432.7, 541.5
-780.3, 434.7, 534.2
-777.4, 449.8, 497.1
-769.1, 454.2, 528.8
-761.8, 443.0, 483.4
-763.7, 442.0, 519.1
-768.1, 418.1, 514.7
-766.6, 441.5, 546.4
-742.7, 434.2, 479.5
-718.3, 433.2, 533.7
-721.3, 443.4, 498.1
-699.8, 441.0, 506.9
-723.2, 455.2, 514.7
-701.7, 447.3, 521.0
-695.9, 422.5, 510.8
-746.2, 435.6, 540.5
-726.1, 449.8, 474.2
-728.1, 476.1, 517.6
-730.5, 483.0, 466.4
-759.8, 475.2, 505.4
-771.5, 495.2, 486.9
-764.2, 493.2, 475.2
-746.2, 498.1, 470.8
-751.5, 501.5, 480.5
-754.4, 512.7, 487.8
-738.3, 527.4, 485.9
-762.7, 551.7, 485.9
-761.8, 573.7, 507.4
-750.5, 580.5, 493.7
-733.0, 593.7, 504.4
-723.2, 603.9, 505.9
-716.9, 579.6, 509.8
-723.7, 568.3, 497.6
-738.8, 550.8, 498.6
-766.2, 519.1, 507.4
-774.5, 502.5, 513.2
-773.5, 502.5, 511.7
-775.9, 500.5, 503.4
-774.0, 501.5, 497.6
-780.3, 503.4, 500.5
-788.1, 514.2, 489.8
-,-,-
-783.7, 508.3, 495.2
-774.9, 513.2, 491.3
-767.6, 511.7, 494.2
-766.6, 506.4, 501.5
-751.0, 493.7, 497.1
-756.9, 485.9, 513.7
-756.4, 508.8, 525.9
-752.0, 507.4, 483.0
-748.1, 463.9, 507.8
-735.9, 485.4, 484.4
-731.0, 485.9, 523.0
-708.6, 424.9, 507.4
-787.1, 463.9, 535.6
-764.7, 439.1, 518.1
-713.0, 473.7, 516.6
-684.2, 451.7, 486.9
-697.8, 471.3, 535.2
-689.1, 448.8, 528.8
-684.2, 451.7, 547.4
-683.7, 431.7, 536.6
-691.0, 404.4, 562.5
-749.6, 418.1, 552.2
-754.9, 383.9, 538.1
-755.4, 371.7, 555.2
-763.7, 371.7, 545.9
-757.4, 393.7, 546.4
-751.5, 407.3, 552.2
-743.2, 420.5, 556.6
-730.5, 405.9, 550.3
-740.8, 413.7, 560.0
-723.7, 434.2, 560.5
-716.4, 431.7, 542.0
-717.4, 429.8, 560.5
-720.3, 423.4, 564.9
-714.9, 442.0, 559.1
-707.1, 432.2, 558.1
-718.8, 433.7, 571.3
-722.2, 457.1, 573.7
-712.5, 466.9, 565.4
-712.5, 463.0, 550.3
-704.7, 456.1, 553.7
-700.8, 451.2, 553.2
-708.6, 455.2, 574.7
-710.5, 455.2, 560.5
-696.9, 431.7, 584.9
-699.3, 415.1, 576.6
-701.7, 393.2, 578.1
-698.3, 393.2, 597.6
-698.8, 390.8, 602.5
-681.7, 363.9, 610.8
-690.5, 335.6, 598.1
-692.0, 318.1, 610.8
-683.2, 307.8, 609.8
-682.7, 327.8, 608.8
-665.1, 350.8, 597.6
-658.3, 374.2, 583.0
-652.9, 371.2, 576.6
-660.8, 378.1, 580.0
-708.1, 389.3, 583.0
-709.6, 388.3, 567.8
-716.9, 387.8, 576.1
-737.4, 389.3, 579.6
-745.7, 379.5, 585.9
-737.4, 381.5, 590.8
-717.4, 373.7, 593.7
-712.5, 359.0, 605.4
-702.7, 352.2, 611.3
-705.6, 339.5, 622.0
-684.2, 358.6, 640.0
-714.9, 353.7, 612.7
-698.3, 312.7, 621.0
-702.2, 297.1, 622.0
-708.6, 282.5, 623.0
-719.3, 275.6, 611.3
-694.9, 328.8, 607.8
-696.4, 356.1, 559.5
-676.4, 426.4, 572.7
-663.2, 455.2, 543.0
-683.2, 449.3, 545.4
-699.8, 407.8, 570.8
-740.3, 392.7, 591.7
-747.1, 433.7, 589.3
-732.5, 452.2, 578.6
-721.3, 393.7, 526.4
-736.4, 392.7, 576.1
-738.8, 397.6, 587.4
-719.8, 383.9, 557.6
-713.0, 357.1, 580.5
-729.6, 443.9, 629.8
-707.6, 378.1, 540.5
-722.7, 373.7, 545.9
-726.1, 441.5, 576.6
-694.9, 436.6, 516.6
-708.6, 437.1, 525.4
-725.7, 430.8, 553.2
-745.2, 469.3, 555.2
-725.2, 476.6, 517.6
-751.0, 550.3, 538.6
-727.6, 501.5, 467.3
-760.8, 513.7, 483.4
-802.3, 535.2, 488.8
-818.4, 538.6, 483.4
-830.6, 548.8, 456.6
-826.7, 565.9, 494.2
-818.4, 572.2, 491.7
-798.9, 532.2, 487.8
-801.3, 524.9, 472.7
-822.3, 506.9, 474.7
-820.8, 489.8, 475.6
-824.7, 477.6, 466.4
-833.0, 461.5, 463.9
-825.7, 458.1, 463.0
-808.1, 448.3, 466.9
-810.6, 458.1, 459.1
-785.2, 475.2, 463.4
-762.7, 492.7, 446.9
-765.7, 514.7, 470.8
-734.9, 498.1, 445.4
-730.0, 474.7, 451.7
-739.8, 470.8, 462.5
-,-,-
-755.9, 447.3, 476.1
-777.9, 420.5, 505.4
-799.8, 345.9, 473.7
-812.5, 380.5, 450.8
-813.0, 375.1, 424.9
-828.6, 406.4, 444.9
-812.5, 356.1, 460.5
-811.1, 387.8, 437.6
-794.0, 400.5, 429.8
-823.7, 429.3, 453.7
-817.9, 429.8, 422.5
-799.3, 456.1, 393.2
-801.8, 438.1, 445.9
-814.0, 465.4, 443.9
-794.5, 417.1, 463.9
-796.4, 430.3, 456.1
-808.1, 416.1, 487.3
-829.6, 459.1, 447.3
-801.8, 383.4, 458.1
-810.6, 367.3, 465.9
-843.8, 437.1, 508.3
-802.8, 410.3, 461.0
-807.2, 373.2, 488.8
-803.7, 393.2, 465.4
-793.5, 354.2, 448.3
-789.6, 389.3, 477.6
-776.9, 366.9, 460.0
-759.8, 411.2, 465.4
-740.3, 431.7, 446.9
-731.5, 410.3, 436.6
-749.6, 434.2, 452.7
-757.4, 443.0, 444.4
-761.3, 412.2, 448.3
-784.7, 418.1, 443.9
-796.9, 403.9, 428.3
-801.8, 360.0, 426.9
-822.3, 366.9, 440.0
-840.3, 328.3, 427.3
-867.2, 338.6, 444.4
-869.6, 334.2, 435.6
-860.3, 391.2, 430.8
-818.4, 392.2, 400.0
-824.2, 412.2, 427.3
-829.1, 438.1, 413.2
-820.3, 440.5, 398.1
-804.2, 423.9, 387.3
-817.4, 433.2, 395.1
-833.5, 419.1, 395.6
-860.3, 413.7, 402.0
-874.0, 412.2, 418.1
-861.8, 395.6, 422.5
-840.8, 402.5, 426.9
-815.4, 390.8, 410.3
-805.2, 384.9, 424.9
-817.4, 374.7, 435.6
-829.1, 394.7, 432.7
-821.8, 414.7, 418.6
-801.8, 398.1, 407.3
-819.4, 407.8, 450.3
-830.6, 472.2, 439.1
-804.7, 447.8, 400.5
-809.6, 431.7, 409.3
-811.5, 410.3, 425.9
-845.2, 443.9, 423.9
-830.6, 416.6, 423.4
-838.4, 398.1, 412.7
-841.3, 399.5, 430.8
-848.6, 389.3, 431.2
-736.4, 416.1, 472.7
-819.8, 402.5, 383.4
-810.1, 374.2, 434.2
-837.9, 385.4, 448.3
-843.8, 365.9, 447.8
-853.0, 403.4, 466.4
-847.2, 418.1, 449.8
-847.7, 390.3, 462.5
-828.6, 416.1, 449.8
-806.7, 425.9, 421.5
-791.5, 435.2, 440.0
-814.0, 447.3, 439.5
-815.0, 448.3, 441.5
-803.7, 403.4, 443.9
-817.9, 440.0, 446.4
-805.2, 424.9, 436.1
-792.0, 424.9, 429.8
-782.3, 399.5, 430.8
-786.7, 381.0, 454.2
-812.0, 392.7, 432.7
-811.5, 380.5, 452.2
-807.6, 407.3, 443.4
-797.4, 379.0, 433.7
-813.0, 385.9, 443.0
-819.4, 404.9, 434.2
-807.6, 391.7, 440.5
-807.6, 415.6, 437.6
-793.0, 389.8, 430.8
-796.4, 392.2, 449.8
-824.2, 387.8, 459.1
-805.2, 396.1, 428.3
-828.6, 420.0, 442.0
-815.0, 406.4, 405.9
-833.0, 388.8, 446.9
-827.6, 380.0, 440.0
-802.3, 356.1, 426.9
-807.2, 393.2, 473.7
-801.8, 417.6, 457.1
-810.6, 457.1, 436.1
-798.9, 488.3, 445.9
-805.7, 517.6, 452.7
-809.1, 488.3, 442.0
-816.4, 499.1, 462.0
-797.9, 492.2, 495.2
-779.3, 521.5, 447.3
-774.5, 543.0, 487.8
-763.2, 548.8, 473.7
-779.3, 567.4, 483.0
-790.6, 544.4, 486.4
-798.4, 542.5, 470.3
-807.6, 528.8, 468.8
-823.7, 515.2, 479.1
-,-,-
-823.3, 494.7, 473.7
-823.7, 485.4, 479.1
-808.6, 486.4, 454.2
-817.9, 483.0, 475.6
-825.7, 502.0, 475.2
-807.6, 496.6, 456.1
-796.4, 513.7, 462.0
-760.3, 506.4, 464.9
-754.4, 504.4, 444.4
-753.0, 489.3, 467.8
-776.9, 497.6, 509.3
-778.4, 506.4, 479.1
-768.1, 475.6, 452.7
-726.6, 410.8, 473.2
-743.2, 415.6, 436.1
-729.6, 392.2, 509.3
-755.4, 407.3, 506.4
-757.9, 358.1, 523.0
-788.1, 336.6, 523.0
-811.1, 401.5, 523.9
-758.4, 359.0, 504.9
-776.9, 357.6, 509.3
-788.1, 345.9, 562.0
-764.7, 381.0, 510.8
-734.4, 383.9, 532.7
-736.9, 378.1, 544.4
-739.3, 405.4, 565.9
-730.0, 407.3, 539.5
-725.7, 359.5, 535.6
-733.0, 381.5, 576.6
-730.0, 365.4, 533.2
-722.2, 372.7, 536.6
-718.3, 362.5, 530.3
-732.0, 374.2, 567.4
-725.2, 373.2, 553.7
-728.1, 363.0, 568.8
-748.6, 363.9, 564.4
-754.9, 382.0, 552.2
-751.0, 353.7, 533.2
-770.1, 363.4, 540.5
-780.3, 356.6, 542.5
-764.2, 347.8, 525.9
-760.3, 374.2, 524.9
-744.7, 374.2, 516.1
-757.4, 379.5, 523.4
-776.4, 381.0, 530.3
-774.9, 389.3, 520.0
-750.1, 387.3, 510.3
-753.0, 390.3, 511.7
-760.8, 395.6, 527.8
-756.9, 390.3, 540.5
-743.2, 386.4, 543.9
-741.8, 366.4, 546.4
-748.1, 359.5, 557.1
-740.3, 353.7, 554.7
-730.5, 341.5, 560.0
-734.9, 354.7, 568.8
-730.5, 339.0, 568.8
-735.4, 337.1, 577.1
-733.5, 353.7, 577.1
-743.2, 285.9, 558.6
-738.8, 265.4, 540.5
-741.8, 332.2, 559.1
-767.1, 497.6, 575.6
-710.0, 490.3, 449.8
-702.7, 487.8, 504.4
-742.7, 503.9, 466.4
-763.7, 451.7, 531.3
-786.2, 502.0, 549.8
-762.7, 472.7, 531.7
-788.1, 480.0, 488.3
-769.1, 443.0, 495.2
-792.0, 437.6, 523.0
-770.1, 432.2, 526.4
-753.0, 426.4, 537.1
-756.9, 436.6, 556.6
-732.5, 412.2, 514.2
-748.6, 429.8, 524.9
-754.0, 397.1, 524.4
-740.8, 343.4, 543.0