-,-,-
-827.6, 55.6, 576.6
-826.2, 60.5, 573.2
-832.5, 48.3, 566.4
-839.8, 57.6, 589.3
-828.1, 49.3, 584.9
-837.9, 51.7, 571.7
-847.2, 49.8, 556.1
-834.0, 56.6, 583.9
-826.7, 49.3, 542.5
-829.1, 61.5, 570.8
-843.8, 54.1, 569.3
-832.0, 63.9, 529.8
-843.8, 51.2, 545.4
-856.4, 79.0, 583.5
-842.3, 72.7, 553.7
-850.6, 56.6, 518.6
-855.0, 60.5, 556.6
-845.2, 62.0, 544.9
-834.0, 55.1, 548.3
-850.6, 48.3, 556.1
-861.3, 42.4, 556.1
-869.6, 36.1, 555.6
-864.7, 25.4, 549.3
-865.7, 35.6, 565.4
-864.2, 34.1, 545.9
-871.1, 36.6, 568.8
-872.5, 56.1, 563.9
-849.6, 55.6, 541.5
-848.1, 50.7, 542.0
-857.4, 56.6, 549.3
-847.2, 50.7, 547.4
-832.5, 55.1, 553.7
-835.0, 59.5, 554.7
-823.7, 64.4, 558.6
-817.9, 64.9, 556.6
-826.7, 61.5, 553.7
-832.5, 60.5, 553.2
-839.4, 49.8, 552.7
-848.1, 49.3, 553.7
-854.5, 43.4, 554.7
-873.5, 39.5, 552.7
-874.5, 40.5, 557.6
-869.1, 42.4, 559.1
-858.9, 42.9, 543.5
-861.3, 49.3, 556.1
-856.9, 51.7, 542.5
-871.1, 43.9, 547.8
-868.2, 43.9, 549.8
-862.3, 45.4, 543.0
-860.8, 48.3, 543.9
-862.3, 42.9, 564.9
-854.0, 51.7, 571.3
-841.8, 49.3, 557.1
-838.4, 57.6, 543.0
-842.8, 55.6, 555.6
-864.7, 50.7, 542.5
-862.3, 38.5, 578.6
-854.0, 54.6, 545.4
-844.7, 44.4, 558.6
-851.1, 51.7, 552.2
-848.1, 42.9, 550.3
-844.7, 65.4, 575.6
-837.9, 50.2, 559.1
-847.2, 67.3, 584.9
-841.3, 75.1, 554.7
-830.6, 62.0, 535.2
-846.7, 73.7, 570.3
-850.6, 73.2, 531.3
-837.9, 70.7, 560.0
-845.2, 81.0, 563.0
-842.8, 68.8, 532.7
-844.7, 76.1, 551.7
-857.4, 60.5, 554.2
-867.7, 52.7, 549.3
-855.5, 72.7, 565.4
-838.9, 63.9, 550.3
-837.9, 47.8, 537.6
-841.8, 58.1, 582.5
-844.2, 56.1, 562.5
-827.2, 44.4, 570.3
-852.0, 45.9, 577.1
-836.9, 46.3, 573.2
-843.3, 52.2, 574.7
-853.0, 56.1, 568.8
-850.1, 57.1, 563.5
-849.6, 69.3, 564.4
-842.8, 68.3, 553.2
-833.0, 77.1, 560.5
-830.6, 78.1, 553.2
-842.8, 72.7, 544.4
-848.1, 69.3, 542.5
-855.5, 65.9, 544.4
-855.5, 60.0, 553.7
-855.0, 51.7, 558.1
-857.4, 50.2, 562.5
-856.9, 42.0, 557.6
-857.4, 38.5, 558.6
-859.4, 44.9, 551.7
-873.5, 43.9, 550.3
-884.3, 49.3, 560.0
-879.4, 49.3, 537.6
-876.4, 52.2, 550.8
-864.7, 47.8, 517.6
-871.1, 62.9, 544.4
-860.8, 60.0, 542.5
-861.8, 73.2, 541.5
-856.9, 74.6, 541.5
-838.4, 75.1, 513.7
-837.9, 81.0, 540.5
-851.6, 77.1, 535.6
-847.7, 51.2, 510.8
-854.0, 52.2, 542.5
-866.7, 48.3, 560.0
-877.4, 58.1, 557.6
-855.5, 46.8, 552.2
-864.7, 43.4, 520.5
-867.7, 42.9, 553.7
-863.8, 44.4, 550.8
-882.3, 53.7, 543.0
-868.2, 67.8, 549.3
-,-,-
-863.8, 65.4, 541.5
-866.7, 69.3, 541.0
-876.9, 72.2, 533.2
-864.2, 76.6, 536.1
-865.7, 86.8, 531.3
-855.0, 70.2, 481.5
-876.4, 75.6, 529.8
-861.3, 66.8, 518.6
-859.4, 65.4, 516.6
-864.2, 60.0, 541.0
-859.9, 57.6, 539.5
-857.4, 42.4, 514.2
-852.5, 46.8, 552.7
-865.7, 58.1, 563.0
-864.2, 52.7, 547.8
-863.8, 62.4, 550.8
-858.4, 65.4, 563.0
-843.8, 71.7, 557.1
-834.5, 74.6, 545.4
-833.5, 75.1, 550.8
-827.2, 71.2, 548.3
-822.3, 69.3, 554.7
-819.8, 72.2, 551.7
-816.4, 60.0, 553.2
-831.6, 56.1, 557.1
-833.5, 53.2, 554.7
-829.6, 51.2, 556.6
-828.6, 57.1, 559.5
-828.6, 60.0, 557.6
-829.6, 62.9, 554.2
-833.5, 60.0, 551.3
-838.9, 63.9, 548.3
-838.9, 66.8, 550.3
-840.8, 71.7, 538.1
-849.6, 75.1, 530.8
-855.5, 72.7, 527.8
-866.2, 69.3, 527.4
-871.6, 67.8, 528.3
-880.8, 54.6, 535.6
-870.1, 56.6, 528.3
-856.9, 65.4, 544.4
-855.5, 62.4, 520.5
-864.2, 46.8, 563.5
-852.5, 66.8, 535.6
-847.7, 54.1, 498.1
-876.0, 51.7, 542.5
-895.0, 50.2, 543.9
-875.0, 48.8, 525.4
-867.7, 52.7, 549.3
-865.2, 58.5, 547.4
-853.0, 74.2, 550.3
-836.4, 73.7, 552.2
-856.0, 78.5, 535.2
-876.9, 103.4, 537.1
-860.8, 73.2, 478.6
-878.4, 55.1, 573.7
-870.6, 97.1, 529.3
-844.2, 80.5, 533.7
-840.3, 80.0, 515.2
-860.8, 97.6, 521.5
-899.9, 59.5, 494.2
-920.9, 61.0, 502.5
-870.1, 88.8, 510.3
-855.5, 94.6, 513.2
-856.0, 102.9, 521.5
-848.1, 96.1, 506.4
-853.0, 97.1, 530.3
-860.3, 70.7, 518.1
-839.4, 78.5, 535.6
-835.9, 101.5, 542.5
-841.8, 68.3, 522.0
-857.4, 83.4, 531.3
-835.0, 59.5, 529.8
-851.6, 59.5, 534.2
-858.9, 66.8, 551.7
-866.2, 58.5, 547.8
-876.4, 61.5, 543.5
-886.2, 74.2, 556.1
-885.7, 75.6, 549.3
-884.3, 86.8, 539.1
-888.6, 100.5, 523.9
-892.6, 104.4, 516.1
-897.9, 97.1, 513.7
-900.4, 92.7, 506.9
-901.3, 83.9, 508.8
-896.5, 80.0, 511.3
-900.8, 73.7, 511.3
-913.0, 63.9, 523.4
-913.0, 51.7, 516.6
-920.4, 44.9, 512.7
-910.6, 39.5, 513.7
-913.5, 45.9, 516.6
-913.0, 59.5, 500.0
-915.5, 46.8, 488.3
-902.3, 66.3, 489.3
-899.9, 86.8, 483.0
-896.9, 98.1, 478.6
-892.1, 117.1, 487.3
-877.9, 117.6, 477.1
-901.3, 133.2, 459.5
-910.1, 66.8, 360.0
-910.1, 114.2, 523.4
-918.9, 132.7, 514.2
-869.6, 128.3, 487.3
-875.0, 118.5, 477.6
-887.2, 118.5, 453.7
-894.0, 102.0, 467.3
-902.3, 104.4, 494.2
-891.1, 85.4, 470.3
-904.3, 84.9, 493.7
-892.1, 71.7, 467.8
-901.8, 58.5, 483.0
-905.7, 54.6, 485.9
-898.4, 44.9, 502.0
-896.0, 52.7, 522.5
-897.4, 53.2, 505.9
-896.0, 50.2, 530.8
-877.4, 60.5, 518.6
-877.4, 47.8, 510.8
-882.3, 42.4, 501.0
-,-,-
-898.9, 58.1, 559.1
-865.7, 62.4, 533.2
-839.8, 57.6, 529.3
-848.6, 59.5, 541.0
-862.3, 55.6, 553.2
-852.0, 49.3, 541.5
-852.5, 43.9, 538.6
-842.8, 54.1, 570.3
-827.6, 52.7, 553.2
-815.9, 50.7, 557.6
-835.0, 54.6, 560.5
-836.4, 56.6, 572.2
-833.0, 46.3, 566.4
-818.4, 48.8, 571.7
-807.2, 46.8, 582.5
-790.6, 48.8, 588.8
-767.1, 48.8, 613.7
-760.3, 48.3, 614.7
-762.3, 51.7, 622.0
-765.2, 40.5, 626.9
-767.1, 38.5, 622.5
-773.0, 26.3, 619.1
-786.7, 21.0, 617.6
-792.5, 19.5, 619.1
-789.6, 16.6, 613.7
-790.6, 28.3, 608.8
-795.0, 36.1, 599.6
-802.8, 34.6, 592.7
-817.4, 37.1, 590.8
-825.7, 38.5, 581.5
-826.2, 41.0, 576.1
-830.1, 47.3, 591.7
-821.3, 46.8, 576.6
-825.7, 42.4, 566.9
-829.6, 44.4, 580.5
-812.5, 43.4, 572.2
-817.4, 40.5, 588.3
-817.4, 40.0, 574.2
-822.3, 33.2, 589.8
-831.6, 43.9, 589.8
-829.1, 37.6, 567.4
-845.2, 32.7, 567.8
-852.5, 36.6, 569.8
-842.8, 34.1, 563.0
-855.0, 33.2, 562.0
-851.1, 38.1, 563.5
-866.2, 27.3, 565.9
-878.4, 33.7, 561.5
-875.0, 40.0, 547.8
-893.0, 34.6, 548.8
-876.0, 44.4, 534.7
-877.4, 47.3, 533.2
-872.1, 47.8, 527.4
-866.2, 56.6, 542.5
-853.0, 56.1, 538.1
-842.3, 66.3, 545.4
-847.7, 83.4, 557.1
-831.6, 98.5, 513.7
-835.9, 42.9, 545.4
-859.9, 62.4, 566.9
-846.7, 69.3, 548.8
-841.8, 53.2, 536.1
-858.4, 50.7, 546.4
-873.5, 40.0, 560.5
-887.7, 40.5, 536.6
-888.2, 40.5, 540.0
-881.3, 36.6, 527.4
-881.8, 32.7, 558.1
-892.6, 49.3, 559.5
-881.8, 39.0, 540.0
-885.2, 42.4, 556.6
-892.1, 51.7, 558.6
-861.8, 65.4, 540.5
-835.0, 82.0, 532.2
-823.7, 91.7, 565.9
-814.0, 99.0, 560.5
-816.4, 98.1, 560.5
-843.3, 86.8, 533.7
-869.6, 74.2, 552.2
-877.4, 88.3, 547.8
-845.7, 89.8, 545.4
-835.9, 113.2, 573.7
-814.0, 91.2, 542.0
-833.5, 83.9, 590.8
-852.5, 103.9, 605.9
-827.2, 91.2, 558.6
-848.1, 70.7, 571.3
-857.4, 75.1, 599.1
-853.0, 60.0, 583.5
-832.0, 63.4, 593.7
-785.2, 73.2, 599.6
-791.5, 51.7, 601.5
-793.5, 66.3, 622.0
-808.1, 50.2, 621.0
-802.8, 52.7, 634.2
-789.1, 66.8, 635.2
-789.1, 73.7, 635.2
-785.7, 76.6, 632.2
-782.8, 89.3, 633.7
-776.9, 84.9, 629.8
-775.9, 91.7, 628.3
-778.8, 91.7, 626.9
-776.9, 93.7, 620.5
-783.2, 87.3, 615.7
-793.5, 87.3, 610.8
-811.1, 78.1, 602.0
-830.6, 64.4, 604.4
-832.0, 69.8, 606.9
-830.6, 63.4, 607.4
-819.8, 59.5, 619.6
-816.9, 53.7, 612.2
-819.8, 50.2, 612.7
-826.7, 53.2, 615.7
-821.3, 55.1, 600.0
-836.9, 67.3, 603.0
-844.7, 69.3, 574.2
-860.8, 80.5, 578.6
-868.2, 96.1, 574.2
-846.2, 102.0, 551.7
-831.6, 112.7, 556.6
-,-,-
-852.0, 103.4, 563.9
-852.5, 93.7, 541.0
-850.6, 89.8, 550.3
-842.8, 89.8, 522.0
-829.6, 95.6, 553.2
-824.7, 86.3, 568.8
-819.8, 93.2, 603.0
-818.4, 101.5, 570.8
-789.6, 81.0, 574.2
-811.1, 95.6, 566.9
-815.0, 82.9, 580.5
-825.2, 80.5, 570.8
-835.9, 70.7, 592.7
-822.8, 70.7, 583.0
-849.1, 67.8, 611.7
-853.5, 75.1, 578.6
-859.4, 74.6, 608.8
-867.7, 75.1, 597.6
-872.5, 75.1, 583.0
-860.8, 63.4, 570.3
-850.1, 61.5, 572.7
-854.5, 60.5, 596.6
-848.6, 72.2, 598.6
-835.5, 63.4, 581.5
-858.9, 47.3, 576.1
-852.5, 47.3, 586.4
-847.2, 40.5, 571.7
-841.3, 38.5, 601.0
-846.7, 53.2, 621.0
-819.4, 61.5, 592.2
-817.4, 53.7, 602.0
-813.5, 63.9, 606.9
-803.2, 64.4, 616.6
-800.3, 58.5, 605.4
-793.5, 54.1, 614.7
-792.5, 57.1, 632.7
-777.4, 56.6, 640.5
-762.7, 64.9, 659.6
-736.4, 68.8, 658.6
-710.5, 65.4, 655.2
-730.0, 64.4, 671.8
-741.3, 60.5, 683.0
-734.9, 59.5, 671.3
-728.1, 60.0, 682.0
-722.2, 65.4, 692.7
-693.0, 70.7, 691.8
-678.3, 63.9, 699.1
-695.9, 58.5, 688.3
-705.6, 50.2, 691.8
-719.8, 43.4, 687.4
-713.5, 44.9, 690.3
-710.5, 43.9, 695.2
-722.2, 44.4, 694.2
-725.7, 49.3, 686.4
-719.8, 60.0, 677.1
-719.8, 64.9, 672.2
-741.8, 65.9, 666.9
-759.3, 62.0, 659.1
-763.7, 54.1, 651.3
-759.3, 64.9, 651.3
-770.1, 65.9, 650.3
-771.5, 64.4, 646.4
-778.8, 67.8, 646.4
-795.4, 62.4, 631.7
-786.7, 62.4, 623.9
-794.0, 62.0, 637.6
-807.2, 56.1, 628.8
-816.4, 53.7, 632.2
-812.0, 57.1, 629.3
-815.0, 65.9, 609.3
-812.0, 61.0, 631.3
-817.4, 58.5, 604.9
-818.4, 62.4, 623.0
-806.2, 65.9, 615.7
-802.8, 67.3, 622.5
-801.8, 90.7, 621.5
-777.4, 73.2, 628.3
-794.0, 94.6, 640.5
-793.5, 124.9, 608.3
-803.7, 45.9, 649.8
-832.5, 128.3, 604.9
-790.6, 49.8, 628.8
-788.1, 75.6, 640.0
-792.5, 64.9, 633.7
-801.8, 64.9, 618.1
-813.0, 67.8, 613.2
-799.8, 56.1, 600.5
-815.0, 50.7, 634.7
-824.7, 65.4, 601.5
-806.2, 66.8, 621.5
-832.0, 70.7, 612.2
-836.4, 64.4, 629.8
-808.6, 94.2, 610.3
-828.1, 78.5, 574.2
-831.1, 84.4, 621.0
-823.7, 97.1, 596.6
-812.5, 88.3, 596.1
-796.9, 106.8, 601.0
-797.4, 99.0, 601.5
-810.1, 92.7, 608.3
-804.7, 96.1, 607.4
-782.8, 90.7, 625.9
-782.3, 93.7, 616.6
-803.2, 91.7, 620.0
-821.3, 74.2, 592.2
-817.4, 93.2, 617.1
-829.1, 84.4, 613.2
-819.8, 93.2, 613.7
-806.2, 82.4, 613.7
-804.7, 83.9, 614.2
-818.4, 71.2, 603.0
-832.5, 82.4, 609.3
-824.2, 87.8, 604.4
-822.8, 98.5, 598.6
-818.9, 101.0, 595.2
-810.6, 109.3, 591.7
-809.6, 112.2, 590.8
-813.0, 113.7, 591.7
-811.5, 110.3, 587.4
-826.7, 102.0, 591.7
-,-,-
-834.0, 93.7, 591.7
-835.9, 90.7, 595.6
-823.3, 85.4, 600.5
-817.9, 81.0, 605.9
-814.5, 75.6, 609.8
-808.6, 73.2, 610.8
-811.1, 70.7, 613.2
-815.0, 64.9, 615.2
-814.5, 68.3, 610.8
-804.2, 57.1, 628.8
-791.5, 71.7, 626.9
-794.0, 80.0, 621.5
-814.0, 89.8, 604.9
-827.2, 89.3, 609.8
-834.5, 103.9, 602.5
-817.4, 109.3, 583.9
-804.2, 115.6, 596.1
-796.4, 105.4, 587.4
-805.2, 93.7, 638.1
-791.0, 81.5, 540.0
-805.2, 94.2, 633.7
-820.3, 104.9, 588.8
-803.7, 83.9, 575.2
-829.1, 78.1, 590.8
-850.6, 62.4, 589.8
-828.6, 65.4, 594.2
-835.9, 80.5, 609.3
-825.2, 86.8, 604.4
-830.6, 95.6, 599.1
-838.4, 97.6, 588.8
-832.0, 106.8, 595.6
-839.8, 104.9, 574.7
-824.2, 100.0, 590.8
-824.7, 99.5, 585.9
-826.2, 80.5, 583.9
-829.1, 82.4, 608.3
-810.1, 70.2, 607.4
-816.9, 63.9, 608.3
-818.9, 62.0, 624.9
-803.2, 65.4, 610.8
-815.9, 57.6, 625.9
-810.1, 56.1, 616.1
-797.4, 61.5, 623.5
-801.8, 73.2, 644.9
-785.2, 74.6, 622.0
-780.8, 67.8, 611.3
-787.1, 76.1, 637.6
-775.9, 73.7, 635.2
-776.9, 77.1, 647.4
-762.7, 86.3, 647.8
-751.5, 79.0, 644.4
-746.2, 78.5, 639.6
-759.8, 82.9, 643.0
-744.2, 79.5, 637.1
-747.6, 65.9, 644.9
-754.4, 61.5, 646.4
-759.8, 62.0, 647.4
-760.3, 57.6, 645.9
-765.2, 62.4, 647.8
-775.9, 59.5, 650.8
-777.9, 64.9, 648.8
-774.5, 63.4, 645.9
-773.0, 66.8, 637.6
-770.6, 69.8, 637.6
-772.5, 73.2, 636.1
-788.1, 70.7, 634.7
-787.6, 72.2, 629.3
-787.6, 73.7, 632.2
-783.7, 72.2, 628.8
-778.4, 84.4, 628.3
-773.0, 89.8, 630.3
-778.4, 88.3, 623.5
-789.6, 87.8, 625.4
-802.3, 82.9, 613.2
-826.2, 66.8, 609.8
-821.3, 61.5, 616.1
-820.8, 59.5, 614.7
-812.0, 63.9, 612.2
-810.6, 60.5, 613.7
-826.7, 64.4, 613.7
-828.1, 74.6, 622.5
-815.4, 79.0, 606.4
-827.6, 82.0, 609.3
-815.4, 68.8, 614.7
-807.2, 78.5, 588.8
-795.4, 81.0, 613.2
-795.4, 91.7, 597.1
-796.4, 58.1, 612.7
-812.0, 94.2, 630.3
-795.0, 79.0, 564.9
-812.0, 71.2, 636.6
-817.9, 86.8, 593.2
-828.1, 86.3, 595.6
-833.0, 70.2, 594.2
-836.9, 86.3, 603.5
-830.6, 94.2, 583.5
-830.1, 95.6, 585.4
-839.4, 81.0, 558.1
-826.2, 87.3, 611.7
-810.1, 107.8, 590.3
-803.7, 96.1, 600.5
-808.6, 106.8, 603.5
-807.2, 108.8, 608.3
-821.3, 71.2, 599.6
-834.5, 90.7, 623.0
-812.5, 82.4, 594.2
-825.2, 89.3, 618.1
-811.1, 80.0, 577.1
-822.3, 80.5, 612.7
-824.7, 73.7, 568.8
-814.0, 68.3, 620.0
-816.4, 83.4, 594.7
-822.3, 62.4, 581.0
-821.3, 82.0, 630.8
-810.1, 84.9, 604.4
-802.3, 79.5, 602.0
-808.6, 89.8, 607.4
-805.7, 96.6, 601.5
-814.5, 103.9, 606.4
-825.7, 104.4, 603.5
-,-,-
-811.5, 100.0, 598.1
-807.6, 100.0, 603.9
-805.7, 104.9, 606.9
-801.3, 98.1, 604.4
-801.8, 108.8, 609.3
-799.3, 108.8, 605.4
-803.2, 104.4, 602.5
-807.2, 102.9, 598.1
-808.6, 102.4, 595.2
-814.0, 93.7, 595.2
-819.4, 91.2, 592.7
-819.4, 93.7, 598.1
-811.1, 84.9, 600.5
-814.0, 81.0, 604.9
-815.0, 81.5, 606.4
-821.8, 81.5, 609.8
-824.2, 75.1, 603.9
-824.2, 80.0, 603.9
-824.7, 88.8, 606.4
-820.3, 85.9, 602.5
-817.4, 79.5, 591.3
-823.7, 84.4, 610.3
-816.4, 87.3, 602.5
-819.4, 75.1, 605.9
-815.0, 69.3, 607.4
-808.6, 62.0, 618.1
-795.9, 62.4, 620.5
-796.9, 74.6, 626.9
-820.3, 82.4, 623.9
-808.1, 89.8, 597.1
-797.4, 100.0, 602.5
-808.1, 90.7, 605.9
-802.8, 102.9, 592.7
-798.4, 94.6, 572.2
-818.9, 84.4, 622.0
-825.7, 101.5, 631.7
-800.3, 78.5, 586.9
-827.6, 63.9, 598.6
-810.1, 60.5, 594.7
-818.4, 37.6, 652.7
-832.5, 61.5, 661.5
-797.9, 60.0, 633.2
-797.9, 68.8, 637.6
-803.2, 69.8, 626.9
-808.6, 74.2, 640.5
-800.8, 74.6, 615.7
-803.2, 85.9, 646.9
-786.7, 97.1, 634.2
-788.6, 98.5, 639.6
-764.7, 82.0, 593.7
-788.1, 75.1, 656.6
-786.2, 62.9, 639.1
-773.5, 56.1, 645.4
-782.8, 49.8, 658.6
-786.7, 30.7, 646.4
-791.5, 37.1, 675.2
-753.5, 40.5, 632.7
-769.1, 42.9, 668.3
-788.6, 48.8, 663.0
-779.8, 41.0, 654.2
-787.6, 52.2, 653.2
-783.7, 50.2, 657.1
-766.6, 51.7, 664.4
-754.9, 54.6, 662.5
-753.0, 47.8, 676.6
-752.5, 39.0, 670.3
-763.2, 30.2, 668.8
-753.5, 26.3, 659.1
-745.2, 28.8, 675.7
-722.2, 32.7, 688.3
-720.8, 35.1, 695.2
-724.2, 33.7, 695.2
-737.4, 32.7, 695.2
-717.8, 59.0, 709.3
-714.4, 61.5, 699.6
-705.6, 65.4, 683.5
-686.6, 64.4, 694.7
-671.5, 67.3, 695.7
-676.4, 57.6, 694.2
-684.7, 42.0, 694.2
-686.6, 34.1, 699.1
-684.2, 28.8, 700.0
-700.3, 16.1, 703.5
-698.8, 16.6, 701.5
-715.9, 12.7, 700.0
-724.7, 19.5, 696.6
-721.8, 23.9, 691.3
-729.1, 23.9, 697.1
-734.9, 24.9, 691.3
-745.7, 25.9, 685.4
-750.5, 35.6, 681.5
-755.4, 34.1, 682.0
-763.7, 32.2, 666.9
-758.8, 35.1, 661.0
-752.5, 32.2, 659.6
-769.1, 32.2, 665.9
-766.6, 30.7, 661.5
-761.8, 32.2, 656.6
-764.2, 32.7, 663.0
-773.5, 35.1, 654.7
-769.6, 23.9, 671.3
-776.4, 28.8, 650.8
-778.4, 30.2, 654.2
-775.9, 37.1, 663.9
-765.2, 37.6, 663.9
-756.9, 52.7, 664.4
-759.3, 53.7, 654.7
-782.3, 57.6, 643.5
-772.0, 47.3, 653.2
-807.6, 25.4, 643.0
-793.0, 33.2, 668.8
-789.1, 50.7, 628.3
-803.7, 55.6, 669.8
-775.9, 47.3, 646.4
-767.1, 40.0, 640.5
-791.0, 45.9, 650.3
-801.8, 34.1, 640.5
-825.7, 25.9, 615.2
-834.0, 20.5, 644.9
-833.0, 28.3, 667.4
-,-,-
-814.5, 63.9, 653.2
-806.7, 42.9, 662.0
-809.1, 58.1, 631.7
-791.0, 58.1, 641.5
-778.8, 87.3, 637.1
-770.1, 75.1, 612.2
-778.4, 61.0, 636.6
-785.7, 77.6, 650.3
-772.5, 62.4, 640.0
-775.4, 58.5, 633.7
-786.2, 56.6, 625.4
-794.0, 37.1, 661.0
-779.8, 59.0, 656.6
-763.7, 40.0, 635.2
-771.0, 44.4, 645.4
-796.9, 44.9, 653.2
-785.7, 44.4, 645.9
-798.9, 54.6, 658.6
-795.9, 58.1, 647.8
-789.6, 67.3, 641.5
-794.0, 73.7, 631.3
-795.0, 68.8, 636.6
-795.4, 61.5, 629.8
-795.9, 56.6, 636.6
-798.9, 52.2, 640.5
-796.9, 50.2, 649.8
-797.4, 42.4, 645.4
-793.5, 41.0, 644.4
-795.0, 41.5, 651.8
-804.7, 36.6, 637.6
-798.9, 28.3, 633.7
-795.9, 38.1, 629.3
-789.1, 38.1, 629.8
-795.9, 34.1, 626.9
-823.3, 31.2, 638.1
-819.4, 13.7, 627.8
-815.9, 25.9, 640.5
-808.1, 37.1, 642.0
-804.2, 54.6, 628.3
-837.4, 44.9, 603.0
-850.1, 45.4, 603.9
-855.0, 51.7, 634.2
-843.3, 44.4, 566.9
-817.9, 53.7, 609.3
-848.6, 22.9, 572.7
-827.6, 45.4, 671.8
-815.4, 47.8, 627.4
-777.9, 41.0, 629.3
-813.5, 41.0, 624.4
-795.4, 59.5, 641.0
-774.0, 65.4, 592.7
-759.3, 76.1, 636.1
-777.9, 61.5, 617.6
-788.6, 37.1, 590.3
-805.7, 0.0, 594.7
-813.5, 21.0, 665.9
-793.5, 17.6, 645.9
-776.9, 2.4, 667.4
-769.1, -1.5, 663.0
-764.2, -9.8, 660.5
-769.6, -4.9, 675.2
-757.9, 6.3, 676.1
-742.7, 7.3, 672.7
-741.3, 3.9, 670.8
-756.4, -6.3, 681.0
-754.4, 6.3, 679.1
-713.9, 9.3, 686.9
-708.6, 15.1, 699.1
-698.3, 20.0, 702.5
-700.3, 9.8, 690.8
-712.0, 6.3, 692.2
-728.6, 21.0, 709.8
-715.9, 16.6, 688.8
-705.6, 12.7, 685.4
-708.1, 16.1, 690.3
-707.6, -1.5, 708.3
-706.6, -6.3, 707.4
-698.8, -4.4, 712.2
-698.8, -2.0, 714.7
-701.7, 3.4, 721.0
-704.7, 6.8, 716.1
-703.7, 2.9, 703.0
-705.2, 10.2, 700.5
-715.9, 8.8, 702.5
-725.2, 13.7, 709.8
-702.2, 25.9, 711.3
-698.3, 17.6, 703.9
-694.9, 15.6, 703.5
-727.1, 18.0, 700.0
-719.3, 6.3, 690.3
-730.5, 6.3, 690.8
-722.7, 7.8, 688.3
-724.7, 2.9, 698.6
-721.3, 3.9, 698.1
-714.4, 2.0, 693.2
-722.2, 3.9, 695.2
-737.9, -2.0, 683.9
-735.9, -7.3, 699.1
-749.6, -1.0, 689.8
-745.7, -2.9, 694.2
-749.6, -2.0, 657.6
-761.8, -14.6, 698.1
-772.0, 10.2, 677.6
-758.8, -4.4, 664.9
-745.7, 2.9, 649.3
-764.2, 22.0, 696.1
-759.3, 17.1, 660.5
-737.9, 13.2, 661.0
-739.3, 32.7, 670.3
-737.4, 20.5, 650.8
-762.7, 24.4, 675.7
-776.9, 12.2, 665.4
-810.1, 0.5, 659.6
-812.5, 1.0, 652.7
-798.4, -2.0, 664.4
-782.8, 13.7, 679.6
-779.8, 19.5, 678.6
-773.0, 20.0, 668.8
-783.2, 29.8, 658.1
-777.9, 37.1, 634.7
-,-,-
-787.1, 25.4, 652.7
-792.5, 38.1, 654.7
-734.4, 59.5, 663.9
-748.1, 43.9, 663.0
-747.1, 53.2, 680.5
-724.2, 49.3, 654.7
-753.0, 31.2, 681.0
-762.3, 41.5, 674.2
-765.2, 26.8, 665.9
-775.4, 23.9, 680.0
-774.0, 27.8, 678.6
-813.0, 21.0, 674.2
-805.2, 20.5, 668.8
-792.0, 33.2, 669.3
-790.1, 41.5, 665.9
-783.2, 49.8, 663.0
-781.3, 48.8, 656.1
-786.2, 47.8, 651.8
-793.0, 50.7, 647.8
-782.3, 52.2, 644.4
-769.6, 54.6, 646.4
-776.4, 48.8, 651.8
-784.7, 46.3, 650.3
-782.8, 38.1, 653.2
-778.4, 39.0, 658.6
-770.6, 40.5, 662.0
-761.3, 42.4, 668.8
-764.2, 48.3, 672.2
-771.0, 40.0, 666.4
-763.7, 35.1, 667.4
-768.6, 45.4, 669.8
-781.3, 39.5, 657.6
-775.9, 34.6, 666.9
-770.6, 34.6, 660.0
-773.0, 36.6, 675.7
-754.0, 21.5, 633.7
-785.2, 10.2, 662.5
-773.5, 43.4, 708.3
-754.9, 76.1, 692.7
-786.7, 53.2, 671.3
-823.3, 81.0, 683.5
-787.6, 75.6, 637.1
-765.7, 86.3, 629.3
-768.1, 95.1, 634.7
-735.9, 75.1, 611.7
-740.8, 66.8, 645.4
-743.2, 58.1, 652.2
-745.7, 47.8, 644.4
-764.7, 42.9, 703.9
-759.8, 31.7, 665.9
-763.7, 25.9, 667.8
-783.2, 18.5, 657.1
-779.3, 28.8, 675.2
-773.5, 23.9, 671.3
-762.7, 25.9, 664.4
-750.5, 36.6, 687.4
-744.7, 46.3, 673.7
-743.2, 47.8, 660.5
-779.8, 43.4, 656.6
-785.7, 43.4, 660.5
-778.8, 47.3, 644.4
-784.2, 49.3, 659.6
-772.0, 58.1, 645.9
-763.7, 59.0, 644.9
-757.9, 68.3, 659.6
-742.2, 63.9, 661.5
-744.7, 78.5, 680.5
-727.1, 75.6, 668.3
-735.9, 75.6, 666.9
-737.9, 69.3, 671.3
-740.8, 68.3, 673.2
-748.1, 61.0, 667.8
-757.4, 46.8, 662.0
-764.2, 41.5, 668.3
-769.6, 41.5, 663.0
-767.6, 32.7, 663.0
-767.1, 32.2, 660.5
-770.1, 39.0, 670.8
-764.7, 46.8, 660.0
-769.1, 47.8, 648.3
-783.7, 47.8, 653.7
-785.7, 53.2, 655.7
-767.1, 54.1, 649.8
-764.7, 50.2, 655.2
-767.6, 48.8, 663.5
-768.1, 48.3, 667.4
-762.7, 51.7, 659.6
-755.9, 58.1, 655.2
-766.6, 52.7, 671.8
-764.2, 55.6, 664.4
-759.8, 51.7, 655.2
-779.8, 47.3, 668.8
-779.8, 46.8, 650.3
-789.6, 52.7, 660.5
-789.1, 63.4, 658.1
-783.7, 75.1, 662.5
-766.2, 60.5, 639.6
-769.6, 78.5, 660.0
-765.2, 64.9, 643.5
-793.0, 56.6, 665.4
-796.9, 78.5, 646.9
-788.1, 53.2, 635.7
-784.2, 57.6, 655.2
-787.1, 51.2, 667.8
-767.1, 62.0, 657.1
-782.8, 87.8, 665.9
-767.6, 66.8, 644.9
-784.7, 62.0, 655.7
-773.5, 60.0, 623.5
-776.9, 80.0, 687.4
-758.4, 94.6, 632.7
-745.7, 55.6, 634.7
-770.1, 104.4, 674.7
-736.9, 69.3, 609.8
-751.0, 104.4, 640.0
-757.4, 83.4, 631.3
-770.1, 68.3, 652.7
-809.6, 82.4, 659.6
-785.2, 58.1, 641.5
-781.3, 70.2, 665.9
-,-,-
-794.5, 59.5, 656.1
-768.1, 69.3, 651.8
-764.7, 78.1, 650.3
-787.6, 81.0, 676.1
-774.5, 74.6, 626.4
-786.7, 69.3, 636.1
-815.0, 68.8, 643.9
-799.8, 85.4, 645.9
-782.8, 78.5, 629.3
-786.7, 78.1, 637.6
-786.2, 86.3, 642.0
-787.6, 84.9, 637.6
-795.4, 92.7, 642.0
-798.4, 90.7, 629.8
-792.0, 97.1, 625.9
-793.0, 94.6, 632.2
-791.0, 93.7, 630.8
-789.6, 93.7, 634.7
-790.6, 86.8, 630.8
-792.0, 83.9, 635.7
-794.5, 74.2, 636.6
-789.1, 81.0, 642.0
-789.1, 72.7, 649.8
-781.8, 63.4, 649.3
-778.4, 55.1, 656.1
-771.5, 57.1, 657.6
-765.2, 58.5, 662.0
-761.8, 57.6, 667.4
-771.5, 66.3, 661.5
-772.0, 68.8, 663.0
-770.1, 75.6, 648.3
-785.2, 76.1, 643.0
-780.8, 82.4, 652.7
-771.0, 84.4, 651.8
-776.9, 81.0, 645.4
-785.7, 75.1, 646.9
-779.8, 87.3, 645.4
-777.9, 78.1, 631.7
-774.9, 90.7, 634.2
-781.3, 88.8, 629.3
-806.7, 80.0, 631.3
-799.3, 77.6, 625.4
-786.7, 73.2, 632.7
-774.9, 64.9, 627.8
-763.2, 62.9, 645.4
-776.4, 54.6, 655.2
-791.5, 55.1, 666.9
-829.1, 42.4, 654.7
-831.1, 58.1, 655.2
-831.1, 64.4, 615.7
-836.9, 76.1, 646.9
-814.5, 95.1, 650.3
-791.5, 104.4, 658.1
-775.9, 102.9, 625.9
-793.5, 100.5, 638.6
-800.8, 84.9, 647.4
-799.3, 89.3, 645.9
-773.0, 72.2, 621.5
-779.8, 61.0, 643.5
-767.1, 58.5, 660.5
-753.5, 52.2, 655.2
-745.2, 35.6, 663.0
-767.6, 35.1, 683.5
-750.5, 27.3, 682.5
-735.4, 31.2, 672.2
-753.0, 30.7, 707.4
-752.5, 37.6, 704.9
-754.9, 33.2, 692.7
-741.3, 33.2, 686.9
-740.8, 31.7, 692.7
-747.1, 47.3, 719.1
-703.2, 54.1, 713.2
-680.8, 56.1, 690.8