-,-,-
-358.2, 261.5, 873.2
-353.3, 271.7, 875.2
-358.7, 257.1, 856.2
-367.5, 262.5, 867.4
-362.1, 260.5, 898.1
-353.8, 247.3, 924.9
-376.7, 250.3, 942.5
-392.8, 256.1, 922.5
-394.8, 260.5, 901.0
-398.7, 316.6, 942.0
-399.7, 329.3, 904.5
-444.6, 384.9, 885.4
-419.7, 364.9, 777.6
-406.5, 391.7, 799.1
-389.9, 386.4, 766.4
-424.6, 413.2, 830.8
-399.2, 412.2, 833.2
-388.0, 441.0, 908.8
-388.9, 435.2, 855.7
-389.4, 441.0, 810.8
-370.9, 424.9, 827.4
-382.6, 426.4, 813.2
-383.6, 412.2, 828.8
-376.2, 418.6, 830.8
-383.1, 417.1, 840.1
-374.3, 418.1, 832.7
-397.7, 412.2, 878.6
-364.5, 392.2, 831.8
-375.3, 371.7, 865.4
-346.5, 356.1, 820.1
-378.7, 294.2, 816.2
-340.1, 281.0, 862.5
-324.5, 264.4, 873.7
-344.0, 271.2, 890.3
-345.5, 281.0, 850.3
-275.7, 189.3, 795.2
-383.6, 274.2, 960.6
-447.5, 244.4, 915.2
-439.2, 236.6, 911.3
-421.6, 208.8, 902.5
-412.4, 210.7, 909.3
-398.2, 215.6, 899.6
-389.4, 239.0, 900.1
-408.9, 246.8, 888.4
-407.0, 258.1, 895.2
-380.6, 261.5, 897.6
-357.2, 246.4, 864.9
-364.5, 229.3, 853.7
-365.0, 220.5, 868.4
-394.3, 245.9, 915.7
-378.7, 279.0, 932.7
-399.2, 309.3, 953.2
-422.1, 320.0, 893.7
-443.6, 327.8, 868.8
-422.1, 339.0, 817.6
-425.0, 365.4, 821.0
-454.3, 363.0, 740.0
-398.7, 395.6, 824.9
-408.5, 402.0, 851.3
-407.0, 410.8, 856.6
-404.6, 413.7, 899.6
-377.7, 420.5, 888.4
-367.0, 420.0, 862.5
-356.2, 410.8, 874.2
-346.0, 407.8, 845.4
-369.4, 398.6, 817.1
-388.4, 395.6, 814.7
-418.7, 399.1, 827.4
-418.2, 401.0, 856.6
-419.2, 390.8, 829.8
-440.7, 383.4, 875.2
-382.1, 354.7, 806.9
-410.9, 339.0, 838.1
-368.4, 308.3, 851.3
-418.7, 214.6, 888.8
-383.1, 220.5, 910.3
-394.3, 246.8, 936.2
-316.7, 195.6, 865.9
-316.7, 244.9, 938.6
-315.2, 243.9, 927.4
-311.8, 252.7, 919.6
-310.9, 291.7, 906.9
-352.3, 271.7, 875.2
-443.1, 313.7, 860.1
-461.2, 329.8, 848.8
-466.5, 319.0, 846.4
-466.5, 333.2, 852.7
-444.1, 326.9, 864.0
-424.6, 331.7, 870.3
-422.1, 320.5, 870.8
-418.2, 321.0, 865.4
-423.1, 323.4, 863.5
-421.6, 337.1, 862.5
-399.2, 334.2, 864.0
-390.4, 338.1, 860.1
-372.8, 345.9, 848.8
-373.3, 365.9, 857.1
-379.2, 371.2, 858.6
-388.0, 373.2, 853.7
-397.2, 394.7, 862.0
-386.0, 411.7, 854.7
-374.3, 413.2, 851.8
-357.2, 394.7, 806.4
-385.5, 373.2, 807.9
-384.5, 297.1, 779.6
-426.5, 245.9, 914.2
-388.4, 193.2, 918.1
-383.6, 194.2, 904.0
-435.3, 144.9, 940.1
-394.8, 136.6, 963.0
-423.1, 137.6, 983.0
-388.9, 188.8, 1002.0
-365.0, 177.6, 905.9
-351.4, 182.9, 871.3
-360.1, 176.1, 830.3
-366.0, 200.5, 893.2
-367.5, 243.4, 940.1
-345.0, 292.2, 969.3
-343.6, 301.0, 885.4
-418.7, 347.3, 867.9
-,-,-
-402.1, 370.3, 865.9
-389.4, 365.4, 791.8
-383.1, 348.8, 821.0
-378.7, 350.3, 805.4
-390.9, 406.9, 899.1
-361.6, 395.1, 901.0
-383.6, 397.1, 861.0
-348.9, 411.7, 848.3
-325.5, 414.2, 810.8
-355.3, 411.7, 758.6
-344.0, 381.5, 760.5
-361.1, 355.1, 765.4
-402.6, 340.5, 806.4
-433.8, 337.6, 866.9
-460.2, 350.8, 918.6
-478.7, 370.8, 965.9
-503.1, 375.6, 969.8
-493.4, 368.3, 909.8
-470.9, 358.1, 844.9
-425.0, 397.1, 781.5
-434.3, 390.8, 778.1
-440.2, 392.7, 792.2
-443.6, 386.9, 809.8
-442.6, 396.1, 828.8
-419.7, 389.3, 851.8
-421.6, 399.5, 837.6
-392.8, 375.6, 828.3
-362.6, 363.0, 838.1
-377.2, 336.6, 827.9
-424.1, 243.4, 896.2
-457.7, 235.6, 904.9
-447.5, 205.9, 883.5
-453.8, 205.9, 930.8
-445.5, 162.9, 892.7
-425.5, 171.7, 897.6
-385.0, 200.0, 920.1
-409.9, 225.9, 924.5
-406.0, 223.4, 899.1
-414.3, 235.1, 844.4
-415.3, 238.6, 846.4
-419.2, 246.8, 855.7
-433.3, 264.4, 880.1
-450.9, 282.0, 875.2
-472.4, 317.6, 876.2
-458.7, 342.5, 856.2
-492.4, 321.5, 832.3
-468.0, 300.0, 807.4
-444.1, 262.9, 772.7
-441.2, 335.1, 875.7
-429.9, 362.0, 880.5
-441.2, 357.6, 852.7
-489.5, 333.2, 831.8
-482.6, 317.1, 807.4
-466.5, 320.0, 794.7
-403.1, 409.8, 987.4
-473.8, 395.1, 823.0
-403.1, 427.8, 813.2
-377.2, 464.4, 827.9
-387.5, 466.9, 804.9
-381.6, 449.8, 764.9
-395.3, 446.9, 794.2
-412.4, 407.3, 838.1
-442.1, 403.0, 847.9
-460.2, 388.8, 866.4
-457.7, 386.4, 866.9
-417.7, 362.0, 827.4
-402.1, 338.6, 902.5
-368.0, 297.6, 831.8
-378.2, 246.8, 824.9
-346.5, 207.3, 805.4
-364.5, 223.4, 850.3
-382.6, 267.3, 915.7
-377.2, 252.7, 900.1
-392.4, 277.1, 914.7
-424.6, 270.3, 905.4
-437.2, 233.2, 860.5
-453.8, 241.5, 860.5
-442.1, 314.7, 875.2
-447.5, 321.0, 843.5
-423.6, 323.4, 872.7
-404.6, 276.1, 844.0
-405.5, 268.3, 874.7
-408.0, 300.5, 878.6
-406.0, 311.7, 823.0
-421.6, 236.6, 822.5
-440.7, 178.1, 887.4
-454.3, 178.5, 888.4
-453.4, 172.7, 927.4
-441.6, 214.6, 924.5
-430.4, 216.6, 925.9
-440.2, 243.4, 903.5
-428.5, 266.8, 883.0
-416.8, 269.3, 861.5
-414.3, 262.9, 840.1
-424.1, 247.3, 833.2
-436.8, 227.8, 848.8
-453.4, 215.6, 865.4
-461.2, 216.1, 897.1
-464.6, 231.7, 926.4
-473.4, 250.7, 924.0
-483.6, 261.5, 903.5
-491.4, 278.6, 866.9
-472.4, 316.1, 850.3
-493.9, 347.8, 802.5
-469.5, 383.4, 794.7
-468.5, 377.6, 785.4
-485.1, 370.3, 748.8
-458.7, 368.8, 842.5
-438.2, 382.5, 864.4
-428.5, 347.3, 864.0
-402.1, 317.1, 810.3
-438.7, 309.3, 818.1
-382.1, 328.3, 844.0
-428.0, 363.9, 901.5
-385.5, 381.5, 876.6
-377.2, 413.2, 855.2
-361.1, 364.9, 823.5
-370.4, 388.3, 793.2
-377.7, 392.2, 803.5
-394.8, 376.1, 815.7
-,-,-
-403.1, 357.1, 818.1
-404.6, 337.1, 855.2
-390.4, 310.3, 866.9
-397.7, 324.9, 840.5
-374.3, 320.0, 876.2
-386.0, 351.2, 877.1
-362.6, 328.8, 835.2
-387.5, 294.7, 851.3
-434.3, 265.9, 860.1
-482.6, 281.5, 872.7
-485.6, 269.8, 880.1
-451.9, 290.8, 835.2
-467.5, 324.4, 853.7
-443.1, 271.7, 828.3
-457.7, 292.2, 825.9
-465.6, 291.7, 850.3
-426.5, 269.3, 842.5
-467.5, 222.0, 841.0
-466.0, 200.0, 857.6
-482.6, 200.5, 880.5
-484.6, 174.6, 904.5
-471.9, 194.6, 942.5
-460.2, 210.3, 929.3
-450.4, 219.5, 887.4
-428.5, 220.5, 839.1
-427.5, 225.9, 822.0
-435.8, 233.2, 820.1
-456.3, 228.3, 837.1
-487.0, 233.2, 843.5
-481.7, 253.2, 887.4
-483.1, 264.9, 878.6
-478.7, 283.4, 886.4
-476.3, 271.7, 846.4
-488.5, 284.9, 866.4
-478.7, 307.8, 881.0
-484.1, 329.8, 849.3
-509.0, 318.6, 812.7
-537.8, 359.5, 769.3
-512.4, 368.8, 823.5
-525.1, 335.1, 758.6
-506.1, 323.9, 760.1
-484.6, 357.1, 880.5
-478.7, 345.9, 845.4
-493.9, 345.4, 783.5
-479.7, 358.6, 794.2
-442.6, 369.3, 835.7
-439.7, 363.0, 841.0
-420.7, 368.3, 836.2
-405.5, 350.3, 877.6
-427.0, 357.6, 848.8
-437.2, 367.8, 861.0
-411.9, 383.0, 800.5
-426.5, 401.5, 889.8
-411.9, 378.1, 851.8
-402.1, 355.1, 827.4
-422.6, 320.0, 717.1
-464.1, 299.5, 796.2
-453.8, 283.4, 852.7
-447.5, 259.5, 889.8
-462.1, 265.9, 917.6
-473.4, 273.7, 910.8
-448.0, 242.9, 806.4
-436.3, 247.3, 822.0
-467.0, 267.8, 860.5
-430.9, 277.1, 824.0
-436.8, 308.8, 840.5
-429.9, 281.5, 879.6
-416.3, 309.3, 861.0
-393.8, 277.1, 813.2
-424.1, 254.7, 848.8
-394.8, 278.6, 837.6
-440.2, 193.2, 888.4
-465.1, 233.7, 916.2
-475.8, 206.4, 902.5
-480.2, 195.6, 886.9
-465.1, 199.0, 892.3
-438.7, 284.9, 886.9
-442.1, 299.5, 854.2
-440.7, 309.3, 822.5
-449.9, 304.4, 815.7
-444.1, 292.7, 826.9
-445.5, 273.7, 838.6
-448.0, 256.6, 846.4
-446.5, 230.3, 861.0
-451.9, 205.9, 856.6
-443.6, 186.4, 893.7
-447.5, 179.0, 903.0
-414.8, 172.2, 918.1
-417.2, 182.9, 913.2
-414.8, 206.4, 931.8
-386.0, 238.1, 911.8
-418.2, 284.9, 964.9
-420.2, 278.6, 931.3
-478.7, 279.5, 781.5
-516.3, 377.1, 908.8
-422.1, 374.7, 838.1
-467.0, 375.6, 756.6
-467.0, 436.1, 710.8
-398.7, 435.2, 770.8
-330.4, 397.6, 758.1
-337.2, 418.1, 726.4
-326.0, 435.2, 831.3
-283.5, 414.7, 963.0
-319.2, 404.4, 918.6
-375.3, 343.4, 877.1
-401.1, 323.9, 904.0
-416.8, 318.1, 906.9
-417.2, 306.8, 857.1
-416.3, 296.6, 847.9
-429.4, 309.3, 861.5
-397.7, 303.4, 859.6
-378.2, 284.4, 845.9
-382.6, 274.7, 832.7
-429.9, 304.9, 887.9
-409.9, 282.9, 880.1
-408.5, 287.3, 869.8
-405.5, 319.0, 874.7
-377.2, 343.4, 865.4
-335.3, 354.2, 854.7
-367.0, 349.3, 830.3
-,-,-
-347.5, 313.2, 848.8
-410.9, 254.7, 827.9
-432.9, 168.8, 887.9
-441.2, 169.3, 900.1
-391.4, 228.8, 949.8
-419.7, 198.1, 908.4
-418.2, 155.1, 915.2
-411.4, 202.9, 964.0
-424.6, 213.7, 958.6
-419.2, 225.4, 924.9
-403.1, 237.1, 885.9
-400.2, 251.7, 830.3
-425.5, 218.1, 813.2
-413.3, 216.6, 830.8
-408.9, 220.5, 845.9
-422.1, 222.0, 879.1
-402.1, 289.8, 964.9
-416.3, 351.2, 976.7
-460.2, 327.3, 955.2
-463.1, 337.6, 905.4
-433.8, 324.9, 886.9
-433.8, 341.5, 831.8
-433.3, 365.4, 751.3
-442.1, 389.3, 794.7
-417.7, 374.7, 807.9
-410.4, 381.0, 821.0
-388.4, 366.4, 843.5
-389.4, 369.8, 890.8
-361.1, 366.4, 902.0
-368.9, 365.9, 895.7
-357.7, 357.1, 871.3
-365.0, 344.4, 835.2
-357.2, 341.0, 838.6
-370.9, 342.0, 853.2
-395.8, 340.5, 854.7
-394.8, 343.9, 879.1
-411.4, 336.6, 904.5
-402.1, 326.4, 836.6
-426.0, 323.4, 813.2
-386.5, 336.1, 871.8
-428.5, 310.3, 851.8
-454.8, 271.7, 868.4
-455.3, 255.1, 886.4
-458.2, 241.0, 894.2
-450.9, 236.1, 894.2
-412.4, 232.7, 914.7
-418.7, 245.4, 933.7
-388.4, 244.9, 930.3
-375.8, 233.2, 895.7
-363.1, 257.1, 881.5
-363.6, 250.3, 874.7
-361.1, 268.8, 873.2
-353.8, 269.8, 866.9
-356.7, 251.2, 866.9
-356.2, 259.5, 855.2
-356.7, 260.0, 859.1
-347.0, 262.0, 874.2
-348.4, 239.0, 897.6
-362.6, 229.3, 909.8
-358.2, 223.9, 911.8
-362.6, 217.1, 904.5
-359.7, 217.6, 903.0
-357.7, 226.8, 910.8
-362.1, 254.2, 915.2
-362.6, 283.4, 937.1
-383.6, 303.9, 934.2
-381.1, 301.0, 927.9
-362.6, 308.8, 882.0
-374.8, 320.5, 836.6
-354.3, 327.8, 812.7
-368.9, 334.2, 817.1
-381.6, 335.1, 849.3
-379.7, 335.6, 854.2
-379.2, 343.9, 896.6
-367.5, 330.8, 921.0
-380.2, 333.7, 923.0
-372.8, 316.6, 921.0
-343.1, 302.9, 888.4
-362.1, 310.8, 900.5
-351.8, 291.7, 894.7
-378.2, 311.7, 895.2
-376.2, 315.6, 904.0
-372.3, 339.5, 890.3
-380.2, 355.1, 879.6
-369.9, 367.3, 872.7
-387.0, 367.3, 867.9
-383.1, 355.6, 866.9
-393.3, 338.6, 846.4
-356.2, 338.1, 848.8
-382.6, 342.9, 880.5
-363.6, 335.1, 858.6
-365.5, 317.6, 875.7
-323.5, 270.7, 835.7
-346.0, 261.5, 849.3
-318.2, 225.9, 891.3
-387.0, 162.9, 946.4
-388.9, 118.5, 921.0
-380.6, 83.9, 930.3
-354.8, 158.5, 988.4
-384.5, 161.0, 965.9
-401.1, 177.6, 936.6
-374.3, 169.8, 914.7
-356.7, 173.7, 857.1
-358.2, 221.0, 915.2
-380.2, 300.0, 917.6
-402.6, 333.7, 830.8
-416.8, 328.3, 796.2
-411.4, 300.0, 744.4
-422.1, 319.5, 717.1
-466.5, 385.4, 812.7
-512.9, 409.3, 868.8
-517.3, 406.4, 841.5
-457.3, 437.1, 897.1
-470.9, 458.1, 949.3
-455.3, 408.8, 869.8
-418.2, 367.8, 815.2
-418.7, 372.7, 771.3
-443.1, 369.3, 773.2
-435.3, 382.5, 791.8
-431.4, 379.0, 816.6
-,-,-
-429.4, 388.3, 851.3
-418.7, 407.3, 890.8
-406.5, 412.7, 892.3
-388.9, 420.0, 872.3
-371.9, 428.8, 810.8
-350.9, 432.2, 767.4
-376.2, 418.1, 762.0
-399.2, 367.3, 777.6
-396.7, 332.2, 799.1
-414.8, 284.9, 833.7
-380.2, 220.0, 833.2
-403.1, 202.5, 940.1
-371.9, 182.5, 959.6
-395.3, 79.5, 1001.5
-379.2, 69.3, 1010.8
-358.2, 156.1, 995.7
-410.9, 173.2, 982.5
-391.9, 178.1, 898.6
-387.0, 190.7, 857.1
-377.2, 193.7, 837.6
-396.3, 214.2, 849.8
-406.5, 237.6, 897.1
-436.3, 312.7, 927.9
-469.5, 342.5, 878.1
-480.7, 337.6, 845.4
-496.8, 328.3, 814.7
-479.7, 295.1, 748.8
-464.6, 302.5, 785.9
-470.9, 273.7, 801.0
-487.0, 310.3, 836.2
-449.4, 388.8, 895.7
-433.3, 338.6, 836.2
-451.9, 360.5, 774.7
-428.0, 383.4, 809.8
-397.2, 389.3, 807.4
-395.3, 364.4, 779.6
-376.7, 343.4, 801.5
-363.1, 315.6, 842.0
-365.0, 299.0, 860.1
-386.5, 282.9, 881.0
-399.2, 292.7, 907.9
-410.4, 311.2, 897.1
-404.6, 318.1, 871.8
-395.3, 336.6, 839.6
-390.4, 357.1, 825.4
-389.4, 376.1, 819.6
-383.6, 392.2, 822.5
-388.9, 395.6, 861.5
-404.1, 384.9, 828.3
-403.1, 366.4, 802.5
-405.5, 354.7, 871.3
-398.7, 345.9, 836.2
-416.8, 352.7, 852.3
-391.4, 305.4, 852.3
-423.1, 271.2, 844.9
-417.7, 218.6, 837.1
-465.6, 216.1, 893.2
-474.3, 127.3, 870.8
-488.5, 100.0, 893.2
-509.0, 115.6, 941.0
-525.1, 133.2, 928.4
-514.8, 163.9, 914.7
-497.8, 179.0, 899.6
-490.4, 193.2, 867.4
-484.1, 235.6, 857.1
-466.0, 270.3, 844.0
-481.7, 297.6, 837.1
-462.1, 329.3, 825.9
-467.0, 334.7, 798.6
-483.6, 343.9, 795.2
-462.1, 383.9, 839.1
-466.0, 385.4, 817.6
-445.5, 361.0, 826.4
-444.1, 352.7, 814.2
-451.9, 338.6, 819.1
-463.1, 360.5, 841.5
-459.7, 353.7, 872.3
-459.7, 339.0, 858.6
-462.6, 322.5, 845.4
-462.6, 326.4, 843.5
-432.4, 332.2, 848.3
-422.1, 339.5, 837.6
-415.8, 356.1, 829.8
-416.3, 367.3, 868.8
-426.0, 374.2, 806.9
-446.0, 368.8, 811.8
-438.2, 380.5, 831.3
-436.3, 378.6, 828.8
-441.6, 378.6, 851.8
-435.3, 364.4, 840.5
-454.8, 302.9, 807.9
-501.2, 262.5, 830.3
-488.0, 210.7, 804.4
-468.5, 203.4, 848.8
-463.1, 181.5, 894.2
-461.6, 163.9, 904.5
-462.1, 196.1, 926.9
-448.5, 255.1, 884.0
-438.2, 267.3, 844.9
-446.5, 282.5, 816.2
-462.6, 310.8, 804.9
-470.9, 318.6, 834.2
-485.6, 321.0, 848.8
-486.5, 333.7, 861.5
-475.8, 311.2, 857.1
-458.7, 296.6, 830.8
-453.8, 267.3, 828.3
-461.6, 288.3, 859.6
-455.3, 337.6, 961.5
-396.3, 306.4, 911.8
-431.9, 304.9, 855.7
-385.0, 303.4, 842.0
-358.7, 324.9, 865.9
-385.0, 364.4, 876.2
-366.0, 384.9, 922.0
-330.4, 353.7, 835.7
-333.3, 378.1, 876.2
-307.9, 374.2, 887.4
-314.8, 390.3, 888.8
-310.9, 386.4, 877.1
-,-,-
-255.7, 400.0, 873.2
-286.0, 387.8, 906.4
-304.0, 361.0, 901.5
-304.0, 306.8, 893.2
-306.5, 223.9, 924.5
-307.0, 198.1, 904.0
-321.1, 197.6, 934.2
-274.3, 195.6, 958.1
-300.6, 165.9, 929.3
-259.6, 122.4, 906.4
-267.4, 147.8, 930.8
-245.5, 188.3, 932.3
-281.1, 238.1, 942.0
-292.8, 246.4, 941.0
-320.1, 265.4, 898.1
-325.5, 269.3, 887.9
-329.4, 272.7, 884.4
-337.2, 269.3, 882.5
-338.7, 269.3, 886.9
-338.2, 260.0, 893.2
-333.3, 257.1, 904.0
-323.1, 246.4, 904.0
-326.0, 235.6, 899.6
-347.9, 229.8, 902.5
-346.5, 218.6, 919.1
-346.5, 206.4, 924.0
-362.1, 193.2, 927.9
-363.1, 170.3, 925.4
-357.7, 163.9, 927.4
-360.1, 166.8, 924.5
-383.1, 215.6, 967.4
-372.8, 246.8, 978.6
-328.4, 328.8, 891.8
-294.8, 349.3, 836.6
-302.6, 370.3, 800.5
-307.9, 394.2, 828.8
-316.2, 407.3, 897.6
-299.6, 397.1, 979.1
-297.7, 361.5, 908.8
-306.5, 345.9, 893.2
-317.2, 314.7, 899.6
-345.0, 274.2, 888.8
-359.2, 276.1, 885.9
-369.4, 278.1, 896.6
-383.6, 289.3, 885.4
-378.2, 340.0, 906.4
-377.7, 307.8, 833.7
-370.9, 335.6, 938.1
-386.0, 327.3, 912.3
-360.1, 317.1, 883.5
-340.1, 257.1, 899.6
-353.8, 195.6, 868.8
-367.0, 150.3, 884.9
-383.6, 24.4, 878.1
-364.5, 9.3, 984.9
-364.0, 81.5, 1001.5
-407.0, 164.4, 1020.1
-365.5, 181.5, 964.9
-342.6, 194.6, 901.0
-380.2, 188.3, 856.2
-373.3, 211.7, 870.3
-412.8, 214.6, 856.2
-420.2, 257.6, 898.1
-371.4, 303.9, 929.3
-375.3, 344.9, 896.6
-410.4, 358.1, 862.0
-402.6, 363.9, 862.5
-388.4, 348.3, 826.4
-388.4, 339.0, 780.1
-394.8, 340.5, 841.5
-404.6, 383.9, 911.3
-381.1, 383.9, 912.3
-362.6, 391.2, 897.6
-333.8, 368.8, 857.6
-316.2, 343.9, 834.7
-311.8, 329.8, 831.3
-307.4, 325.4, 847.9
-310.9, 311.7, 879.1
-325.5, 296.1, 899.6
-344.5, 265.4, 906.9
-366.5, 269.3, 904.0
-373.8, 272.2, 907.4
-365.5, 278.6, 919.6
-365.0, 265.9, 903.0
-352.3, 254.7, 894.7
-344.5, 238.1, 891.8
-357.2, 234.6, 870.8
-365.0, 251.7, 900.5
-355.3, 267.8, 919.1
-371.4, 291.2, 904.9
-348.4, 299.0, 887.4
-352.3, 285.4, 869.8
-334.3, 276.6, 847.9
-328.4, 277.1, 852.7
-336.7, 300.5, 835.7
-339.2, 325.4, 860.1
-308.9, 342.5, 889.8
-245.0, 348.3, 882.0
-240.6, 338.1, 862.0
-258.6, 322.5, 851.8
-284.5, 304.4, 863.5
-294.8, 305.4, 868.4
-323.1, 318.6, 889.8
-318.7, 350.8, 906.4
-316.7, 365.9, 894.2
-292.8, 379.0, 856.6
-292.3, 342.5, 844.4
-401.1, 263.9, 855.7
-443.1, 255.6, 879.1
-471.9, 253.2, 882.5
-458.7, 260.0, 904.0
-437.7, 261.5, 911.3
-457.7, 251.7, 902.5
-472.4, 235.6, 899.6
-488.5, 231.2, 911.3
-532.9, 222.0, 902.5
-572.9, 223.9, 878.6
-560.7, 232.7, 873.7
-522.6, 233.2, 872.3
-489.0, 224.4, 860.5
-,-,-
-481.2, 188.8, 851.3
-496.3, 170.7, 870.8
-482.1, 196.1, 882.5
-506.5, 225.4, 876.2
-483.1, 239.5, 852.3
-416.8, 239.5, 773.7
-403.1, 245.9, 770.3
-415.3, 261.5, 810.3
-416.3, 285.4, 849.3
-444.6, 315.6, 867.9
-469.5, 334.2, 842.0
-481.2, 330.8, 792.2
-527.0, 350.3, 760.5
-534.4, 330.8, 757.6
-533.9, 386.4, 827.9
-547.5, 420.5, 911.3
-530.5, 408.3, 886.4
-519.2, 409.8, 828.3
-532.9, 408.8, 796.2
-527.5, 429.8, 773.2
-524.1, 435.6, 747.4
-513.9, 413.7, 753.2
-488.5, 390.8, 769.8
-475.8, 383.0, 797.6
-480.2, 360.5, 839.1
-476.8, 340.0, 837.1
-501.2, 345.9, 832.3
-495.8, 330.8, 862.0
-469.9, 325.4, 786.9
-462.1, 337.6, 813.2
-417.7, 330.3, 783.5
-429.9, 317.1, 824.9
-454.8, 306.4, 830.8
-464.1, 288.8, 843.0
-469.9, 297.1, 861.5
-455.8, 287.8, 851.8
-442.1, 275.6, 871.3
-443.6, 256.1, 805.9
-476.3, 225.9, 832.7
-484.6, 218.6, 815.7
-523.1, 154.6, 837.6
-558.3, 140.0, 832.3
-565.1, 144.9, 854.2
-573.9, 182.0, 879.6
-560.7, 194.2, 864.9
-548.5, 194.2, 836.6
-522.2, 203.9, 824.0
-549.5, 235.1, 836.6
-558.3, 272.7, 874.7
-549.0, 271.7, 835.2
-585.6, 303.4, 804.4
-562.2, 346.9, 793.7
-592.4, 392.2, 812.7
-505.6, 363.0, 844.9
-490.4, 383.9, 800.5
-483.6, 357.6, 778.1
-469.0, 397.6, 830.8
-462.1, 399.5, 797.1
-476.3, 401.0, 826.9
-405.0, 383.0, 833.7
-405.0, 371.2, 789.8
-389.4, 401.5, 816.2
-357.7, 375.6, 857.1
-376.7, 370.3, 833.2
-385.5, 349.3, 840.1
-386.5, 356.1, 841.0
-397.7, 370.3, 861.0
-394.3, 360.0, 852.3
-401.6, 366.4, 848.8
-413.3, 357.1, 836.6
-413.8, 359.5, 831.3
-420.7, 336.1, 829.8
-391.9, 340.5, 815.7
-411.4, 343.9, 836.6
-433.8, 345.9, 837.6
-438.2, 343.4, 838.1
-446.5, 346.4, 832.7
-449.9, 317.1, 844.4
-391.4, 302.5, 844.0
-468.5, 284.4, 818.6
-469.9, 267.8, 896.2
-516.8, 281.5, 933.7
-490.4, 226.8, 829.8
-491.9, 233.2, 838.6
-448.0, 227.8, 869.3
-445.1, 203.4, 834.7
-506.5, 207.8, 870.3
-515.3, 207.8, 873.7
-528.5, 236.1, 882.0
-535.3, 215.6, 847.9
-541.2, 216.1, 837.6
-530.5, 224.9, 839.1
-509.5, 231.7, 846.4
-488.5, 230.3, 856.6
-481.2, 224.9, 839.1
-465.1, 235.1, 862.5
-441.6, 249.3, 883.5
-455.8, 266.4, 884.4
-460.7, 304.9, 842.5
-455.3, 342.5, 911.3
-514.8, 404.9, 888.8
-521.7, 384.4, 830.8
-494.8, 389.8, 779.1
-464.1, 426.4, 823.5
-476.8, 405.9, 766.4
-497.8, 435.2, 763.5
-449.0, 438.6, 843.5
-424.6, 392.2, 895.2
-382.1, 386.4, 868.8
-388.9, 374.2, 839.6
-366.0, 379.5, 828.8
-331.4, 386.4, 804.0
-309.4, 394.7, 814.2
-354.8, 389.8, 890.8
-289.4, 337.6, 809.3
-346.5, 315.1, 821.5
-352.3, 292.7, 841.0
-378.2, 297.1, 889.8
-387.5, 286.4, 883.5
-366.5, 279.0, 910.3
-,-,-
-386.0, 286.8, 941.5
-350.4, 224.4, 844.9
-370.4, 240.5, 879.1
-365.0, 261.5, 883.5
-339.2, 214.2, 874.2
-349.9, 205.9, 848.8
-409.4, 205.4, 935.2
-393.3, 172.7, 901.0
-449.4, 199.5, 940.1
-433.3, 240.0, 906.4
-440.2, 229.8, 892.7
-425.5, 235.6, 866.9
-412.8, 233.7, 844.9
-417.7, 232.2, 847.4
-412.8, 224.9, 854.7
-413.3, 218.6, 887.4
-403.1, 210.7, 937.6
-408.9, 221.5, 971.8
-397.7, 208.3, 937.1
-409.4, 234.6, 914.7
-376.7, 242.0, 908.4
-370.4, 257.6, 878.6
-400.2, 268.8, 869.8
-397.2, 282.9, 883.5
-460.2, 346.4, 903.0
-392.8, 389.3, 845.4
-391.9, 415.1, 853.7
-390.4, 423.9, 874.7
-387.5, 446.4, 863.5
-354.3, 383.4, 881.5
-327.0, 376.1, 847.9
-351.4, 360.0, 860.1
-333.8, 325.4, 867.9
-318.7, 325.9, 882.5
-294.3, 314.2, 963.5
-282.6, 289.8, 959.6
-259.6, 284.9, 917.6
-207.9, 256.6, 882.0
-193.2, 287.8, 883.5
-198.6, 319.0, 876.2
-202.0, 343.9, 892.3
-245.5, 343.9, 871.8
-253.3, 344.4, 883.0
-269.9, 294.7, 856.6
-296.7, 292.7, 862.5
-298.2, 272.2, 889.8
-297.2, 249.3, 906.4
-311.3, 263.4, 936.6
-306.0, 270.7, 957.6
-311.3, 231.2, 952.7
-317.2, 219.0, 958.6
-317.2, 217.6, 950.3
-302.1, 255.1, 964.5
-292.8, 262.5, 901.5
-273.8, 255.1, 899.1
-264.0, 266.4, 898.1
-251.3, 274.7, 902.5
-264.0, 285.9, 929.8
-253.8, 278.1, 921.0
-261.6, 282.0, 933.7
-273.3, 253.2, 924.0
-273.8, 248.8, 925.4
-293.8, 295.1, 955.7
-292.3, 313.7, 992.3
-316.7, 350.3, 970.3
-301.6, 381.0, 1002.5
-270.4, 397.1, 922.5
-286.9, 406.4, 906.9
-266.4, 425.9, 864.4
-254.2, 429.8, 852.3
-243.5, 412.2, 850.8
-241.6, 400.5, 877.6
-215.2, 390.8, 894.7
-217.2, 380.5, 891.8
-220.6, 374.7, 911.3
-216.7, 369.8, 940.1
-193.7, 351.2, 980.6
-199.6, 346.4, 898.1
-199.1, 351.2, 906.4
-174.2, 356.1, 901.0
-185.4, 303.9, 876.6
-177.6, 297.1, 887.4
-181.0, 252.7, 902.0
-205.0, 222.9, 912.7
-190.8, 214.6, 956.2
-213.7, 177.6, 947.9
-212.3, 171.7, 1000.6
-208.9, 242.5, 1004.5
-261.6, 240.0, 988.4
-263.0, 265.4, 953.7
-232.8, 278.1, 882.5
-236.2, 301.5, 875.7
-191.8, 335.6, 870.8
-187.9, 324.9, 877.1
-172.8, 326.9, 862.5
-178.1, 315.6, 878.6
-198.6, 300.5, 900.1
-205.4, 309.3, 920.1
-230.8, 308.3, 973.2
-212.8, 302.0, 971.8
-182.0, 363.9, 1038.6
-188.4, 360.0, 1027.9
-143.5, 345.9, 954.2
-141.0, 316.1, 906.9
-182.0, 317.1, 833.7
-164.0, 352.2, 920.5
-111.3, 376.6, 959.1
-126.4, 373.7, 943.0
-121.0, 364.9, 929.8
-108.8, 340.0, 944.9
-60.0, 342.9, 928.4
-80.0, 339.5, 934.7
-58.6, 350.3, 928.4
-32.7, 353.7, 928.8
-21.0, 355.1, 929.8
-35.1, 347.3, 915.7
-25.9, 349.8, 943.0
-11.2, 339.5, 922.0
-22.9, 312.7, 917.6
-37.1, 315.1, 917.6
-,-,-
-61.5, 291.7, 893.2
-66.9, 317.6, 969.3
-106.4, 285.9, 957.6
-112.2, 267.3, 956.2
-103.5, 298.1, 961.5
-127.4, 288.8, 953.7
-104.4, 306.8, 934.7
-131.3, 314.7, 916.2
-107.8, 248.8, 863.0
-124.0, 242.9, 922.0
-157.1, 235.1, 951.8
-169.8, 209.8, 950.8
-164.0, 203.4, 949.3
-174.2, 227.8, 974.7
-193.7, 215.1, 965.9
-197.2, 256.6, 1010.3
-159.6, 284.4, 1056.2
-130.3, 278.6, 1020.1
-123.0, 278.6, 973.7
-130.3, 262.0, 913.7
-101.5, 290.8, 914.2
-115.7, 302.0, 884.4
-148.8, 306.4, 902.5
-144.4, 282.9, 892.3
-158.6, 260.0, 920.5
-160.1, 256.6, 940.6
-163.0, 265.9, 1035.7
-187.9, 297.1, 1027.9
-164.5, 319.5, 1020.1
-162.5, 354.2, 980.6
-145.9, 367.8, 954.7
-132.7, 358.1, 884.9
-117.1, 349.8, 834.7
-112.7, 344.4, 848.3
-87.8, 362.5, 867.4
-99.1, 350.3, 968.4
-101.5, 337.6, 1005.4
-107.8, 338.1, 1002.5
-106.9, 319.5, 983.0
-99.6, 327.3, 933.2
-89.3, 344.4, 909.8
-73.7, 352.2, 922.5
-74.2, 387.8, 897.1
-84.4, 391.2, 944.5
-83.4, 357.6, 921.5
-110.8, 316.1, 935.2
-144.9, 315.6, 932.3
-122.5, 307.3, 952.7
-179.6, 305.9, 958.1
-194.7, 290.8, 933.2
-183.0, 258.1, 916.2
-125.4, 184.4, 862.5
-105.4, 205.9, 975.7
-122.0, 158.5, 1011.8
-142.0, 158.5, 1001.5
-158.6, 103.9, 995.7
-165.4, 116.6, 1029.3
-167.4, 205.4, 1044.5
-205.0, 202.5, 997.6
-175.7, 234.2, 950.8
-151.8, 239.5, 909.3
-153.2, 250.3, 897.6
-151.3, 251.2, 904.0
-165.4, 249.3, 944.0
-146.4, 260.0, 973.7
-157.6, 266.4, 975.7
-176.7, 283.4, 992.3
-167.4, 297.6, 1004.9
-171.3, 298.6, 1010.8
-175.7, 271.2, 1009.3
-182.5, 255.6, 943.0
-188.9, 303.4, 962.0
-180.1, 359.0, 938.6
-176.7, 357.6, 866.4
-145.4, 367.3, 879.1
-124.0, 336.1, 870.3
-140.5, 339.5, 885.4
-180.1, 373.7, 929.8
-140.1, 366.4, 975.2
-113.2, 371.7, 977.1
-110.8, 364.4, 936.2
-101.0, 363.9, 921.0
-101.5, 307.8, 895.2
-107.4, 306.8, 895.2
-120.5, 298.1, 941.0
-138.6, 298.1, 980.6
-143.5, 293.2, 993.7
-145.4, 301.0, 987.4
-142.5, 305.4, 976.2
-137.6, 322.9, 955.2
-136.6, 333.7, 930.8
-121.5, 341.5, 916.6
-121.0, 329.3, 904.5
-109.8, 328.8, 911.8
-111.8, 330.3, 932.7
-100.0, 315.6, 966.4
-74.2, 296.1, 946.9
-78.1, 292.7, 985.9
-92.7, 271.2, 927.9
-96.6, 282.9, 947.4
-105.4, 255.6, 946.9