-,-,-
-334.3, 245.4, 979.6
-274.7, 241.5, 879.6
-312.3, 334.7, 947.4
-318.2, 449.8, 928.8
-346.5, 541.5, 945.4
-360.1, 611.3, 949.8
-386.5, 672.7, 940.1
-400.2, 738.6, 956.2
-392.4, 723.5, 942.5
-410.4, 750.3, 941.5
-408.9, 705.4, 884.9
-409.9, 658.1, 871.3
-402.1, 576.1, 843.5
-406.5, 473.2, 851.3
-434.3, 277.1, 924.5
-446.5, 295.6, 977.1
-370.4, 412.2, 797.1
-303.5, 207.8, 700.0
-471.9, 243.9, 929.3
-427.0, 29.8, 813.7
-482.1, 19.0, 929.3
-432.9, -69.3, 844.4
-431.9, -86.3, 840.5
-423.6, -111.2, 836.6
-388.4, -52.2, 812.2
-337.2, -32.7, 781.5
-331.4, -36.6, 807.9
-335.7, -36.1, 826.9
-362.6, -5.9, 846.4
-348.4, 42.0, 863.0
-363.6, 141.0, 918.6
-342.1, 350.3, 935.7
-317.2, 396.6, 792.2
-327.4, 480.5, 926.4
-359.2, 524.9, 901.5
-409.9, 607.8, 853.7
-409.4, 627.4, 888.8
-424.6, 654.7, 936.2
-408.9, 706.9, 940.6
-431.9, 710.3, 953.2
-418.7, 695.2, 889.8
-406.0, 670.3, 889.8
-403.6, 660.5, 877.6
-394.3, 606.9, 824.0
-378.2, 484.4, 837.6
-377.2, 302.5, 894.7
-433.8, 380.0, 977.1
-405.0, 331.7, 787.4
-410.4, 333.7, 733.7
-405.5, 120.0, 810.3
-486.5, 12.2, 955.7
-481.7, 28.3, 834.2
-442.6, -26.8, 821.0
-437.2, -65.4, 821.5
-424.1, -74.2, 843.0
-396.3, -60.0, 823.5
-377.2, -54.6, 818.1
-383.1, -45.4, 804.0
-387.5, -67.3, 806.4
-344.0, 0.5, 832.3
-278.6, 78.1, 866.9
-368.0, 246.8, 886.9
-247.4, 282.5, 696.6
-301.6, 325.4, 786.4
-372.3, 403.9, 764.0
-348.9, 440.0, 889.3
-388.4, 527.4, 785.9
-449.9, 588.3, 941.0
-425.5, 753.2, 919.6
-402.1, 757.1, 900.5
-421.6, 769.3, 924.9
-464.1, 764.0, 948.4
-470.4, 760.5, 893.7
-435.3, 711.8, 870.8
-430.9, 654.2, 889.8
-414.3, 611.7, 864.9
-411.4, 522.5, 849.8
-449.0, 255.1, 956.2
-474.8, 400.5, 933.2
-368.9, 296.1, 745.4
-419.2, 292.7, 844.0
-426.0, 150.3, 797.1
-450.4, 103.4, 888.8
-450.9, 51.2, 844.0
-420.2, 23.9, 823.5
-430.4, -6.8, 805.4
-428.0, -41.5, 820.1
-441.2, 8.3, 799.1
-431.9, 4.9, 784.0
-420.7, 4.9, 797.6
-408.9, 2.4, 826.4
-388.9, 18.5, 847.4
-371.4, 62.9, 849.3
-387.5, 171.7, 888.8
-374.3, 245.4, 841.5
-387.0, 314.2, 864.0
-398.7, 438.6, 973.2
-403.6, 544.4, 936.2
-400.2, 651.3, 981.5
-372.8, 710.3, 903.5
-353.3, 758.1, 890.8
-350.4, 744.9, 881.0
-391.4, 778.6, 911.3
-420.7, 788.8, 879.1
-418.2, 741.0, 836.2
-398.7, 663.9, 797.6
-408.9, 541.0, 798.6
-457.7, 365.9, 880.1
-477.8, 397.1, 930.3
-394.8, 427.3, 764.9
-337.2, 281.0, 713.7
-488.5, 251.2, 851.8
-474.3, 107.3, 807.9
-468.5, 58.5, 798.1
-488.5, 106.8, 864.9
-424.6, 44.9, 822.5
-443.6, -7.3, 779.6
-453.8, -39.0, 871.3
-477.3, -80.5, 857.6
-477.8, -95.6, 887.9
-,-,-
-445.1, -74.6, 886.4
-383.1, -49.3, 885.4
-350.4, 5.9, 888.8
-336.2, 39.0, 865.9
-321.1, 275.1, 901.5
-297.7, 312.2, 887.4
-337.2, 387.8, 941.5
-337.7, 464.9, 950.8
-309.9, 576.1, 918.1
-339.6, 677.1, 932.7
-333.8, 688.8, 842.5
-412.4, 836.2, 860.1
-412.8, 821.0, 838.1
-418.7, 807.4, 835.7
-420.2, 745.9, 823.0
-450.4, 683.5, 857.6
-446.5, 571.7, 849.3
-432.4, 422.5, 866.9
-466.0, 316.6, 920.5
-451.4, 363.4, 928.4
-365.0, 292.2, 727.4
-418.7, 229.3, 924.9
-478.2, 108.8, 791.8
-478.2, 53.7, 813.7
-480.2, 6.8, 819.6
-462.1, -22.9, 812.2
-448.0, -75.6, 782.5
-473.8, -65.9, 835.7
-438.7, -52.2, 820.1
-422.1, -70.2, 771.3
-410.9, -59.5, 779.6
-397.2, -25.9, 801.5
-386.5, 83.9, 861.5
-394.3, 188.8, 813.2
-365.5, 288.8, 858.6
-326.0, 273.2, 849.8
-383.1, 401.5, 919.1
-390.4, 492.7, 853.2
-347.9, 525.4, 872.7
-390.9, 593.7, 911.3
-375.8, 639.1, 945.9
-373.3, 780.1, 907.9
-379.7, 806.4, 916.2
-405.0, 764.9, 926.4
-405.5, 748.3, 885.4
-377.2, 720.5, 842.0
-366.0, 669.3, 811.8
-387.5, 563.5, 839.1
-384.5, 416.1, 875.7
-414.8, 327.8, 928.4
-485.6, 351.2, 875.7
-443.1, 224.9, 725.9
-468.5, 197.1, 853.7
-498.7, 69.8, 846.9
-530.5, -2.0, 929.3
-532.9, 24.4, 908.8
-466.5, -29.8, 833.7
-423.1, -43.9, 827.9
-394.8, -3.9, 821.0
-362.6, 6.3, 778.1
-331.8, -12.2, 774.2
-319.2, -11.2, 805.4
-305.5, 33.7, 815.7
-273.3, 47.8, 796.2
-328.4, 152.2, 880.5
-299.6, 232.7, 844.0
-305.0, 285.4, 813.2
-318.7, 280.5, 816.2
-432.9, 446.9, 988.4
-417.2, 649.3, 938.1
-408.5, 709.3, 886.9
-377.7, 731.8, 899.6
-405.0, 768.3, 916.2
-437.7, 835.2, 941.0
-449.4, 821.5, 896.6
-448.0, 793.2, 849.8
-424.6, 743.0, 832.3
-388.0, 646.4, 828.8
-382.6, 412.7, 846.9
-423.6, 274.7, 910.3
-435.3, 440.5, 894.7
-346.5, 193.7, 703.0
-465.1, 266.4, 884.0
-510.0, 148.8, 819.1
-515.8, 80.0, 816.2
-494.3, 12.2, 879.1
-506.1, -27.8, 866.9
-490.0, -80.0, 832.3
-496.3, -38.1, 836.2
-484.6, -13.7, 809.3
-452.9, -55.6, 808.8
-446.0, -41.5, 842.0
-456.8, 33.2, 840.1
-389.4, 43.4, 823.5
-358.2, 190.3, 903.0
-329.9, 238.6, 821.0
-284.0, 322.9, 851.8
-337.7, 528.3, 936.6
-295.7, 572.7, 922.5
-335.3, 687.9, 904.9
-348.9, 733.2, 919.6
-391.4, 762.0, 884.9
-416.3, 788.3, 893.7
-421.6, 756.1, 904.9
-427.5, 777.6, 853.2
-422.1, 728.3, 811.8
-450.4, 635.2, 786.4
-437.2, 531.3, 822.0
-435.3, 360.0, 845.9
-420.2, 319.0, 965.9
-438.7, 326.9, 782.5
-397.7, 288.8, 725.9
-403.6, 208.3, 804.0
-421.1, 130.7, 836.6
-489.5, -29.3, 844.0
-479.2, -14.6, 933.2
-458.2, -130.3, 795.7
-455.3, -90.7, 847.4
-464.1, -39.0, 838.6
-399.7, -80.0, 782.5
-,-,-
-380.6, -33.7, 803.5
-366.5, -27.3, 810.8
-366.5, 7.8, 839.1
-385.0, 108.8, 883.5
-348.4, 178.1, 848.3
-335.3, 330.3, 811.8
-383.1, 426.4, 817.6
-400.2, 488.3, 943.0
-378.2, 484.4, 921.0
-462.6, 643.9, 933.7
-444.1, 668.8, 891.3
-391.9, 672.7, 847.9
-388.4, 755.7, 930.8
-396.7, 781.0, 930.3
-407.0, 752.2, 858.6
-390.4, 710.8, 834.7
-384.5, 681.0, 807.4
-383.6, 578.1, 783.0
-410.9, 465.4, 833.7
-435.8, 255.1, 856.2
-486.5, 348.3, 1005.9
-418.2, 267.8, 748.3
-412.8, 214.2, 738.6
-450.4, 47.3, 805.9
-490.9, 18.5, 823.5
-485.1, 13.2, 868.8
-455.8, 17.1, 785.4
-419.2, -66.3, 759.6
-432.9, -49.3, 803.0
-458.7, -35.6, 828.8
-449.9, -62.9, 803.5
-416.8, -60.5, 800.1
-391.4, -50.7, 805.4
-349.9, 58.5, 872.7
-376.2, 202.5, 952.7
-338.2, 296.6, 810.3
-316.2, 342.5, 814.2
-331.4, 422.0, 940.1
-348.4, 489.3, 859.6
-351.4, 586.9, 973.2
-411.9, 737.6, 921.5
-418.2, 737.6, 827.9
-448.5, 824.9, 890.8
-487.5, 819.1, 923.5
-459.7, 791.8, 860.1
-456.8, 755.2, 800.1
-462.6, 711.3, 773.2
-463.6, 600.0, 808.8
-466.5, 467.3, 834.2
-469.9, 295.6, 899.6
-528.5, 407.8, 1013.7
-389.4, 211.7, 741.5
-437.7, 232.7, 843.5
-393.3, 125.9, 812.2
-420.7, 32.7, 871.3
-460.2, 71.2, 868.8
-422.6, -10.7, 747.9
-390.4, -15.6, 761.5
-381.1, -53.7, 771.3
-404.6, -3.4, 808.3
-387.5, -39.5, 771.8
-385.0, -5.4, 789.8
-385.5, -8.3, 796.2
-395.3, 73.7, 879.6
-436.8, 184.9, 1002.0
-386.5, 243.9, 900.5
-326.0, 301.5, 838.6
-369.9, 535.2, 959.1
-378.2, 540.5, 869.3
-408.0, 724.4, 864.4
-442.6, 849.8, 834.2
-482.6, 876.6, 887.4
-514.8, 820.5, 888.8
-504.6, 796.6, 902.0
-473.4, 753.7, 856.2
-441.2, 702.5, 829.8
-429.4, 638.6, 838.6
-433.8, 527.4, 819.6
-449.9, 402.5, 864.4
-438.7, 329.8, 909.3
-423.1, 389.3, 776.6
-391.9, 230.3, 670.8
-405.5, 232.2, 898.6
-499.7, 176.6, 823.0
-449.4, 2.9, 793.2
-465.1, 54.6, 840.5
-454.8, 58.5, 819.1
-431.9, 3.9, 778.1
-427.5, 73.7, 772.2
-440.2, 53.7, 774.2
-441.2, 45.4, 806.4
-429.4, 70.7, 809.3
-430.4, 100.0, 789.8
-408.5, 136.6, 816.2
-387.0, 235.6, 879.1
-393.3, 351.2, 948.4
-325.5, 333.7, 849.3
-358.7, 498.1, 982.5
-334.3, 600.5, 936.2
-339.6, 643.0, 828.8
-363.1, 710.3, 872.7
-402.6, 724.0, 852.3
-434.3, 727.9, 829.3
-473.8, 761.0, 921.5
-452.4, 785.4, 889.8
-426.0, 755.2, 820.5
-419.7, 729.8, 796.2
-406.0, 524.9, 818.1
-409.9, 414.7, 872.7
-438.2, 319.0, 904.5
-503.1, 364.9, 916.2
-488.0, 384.9, 775.7
-466.5, 221.0, 715.2
-511.9, 200.0, 824.9
-520.7, 124.9, 825.9
-513.4, 46.8, 801.5
-469.5, 69.8, 775.2
-448.5, 41.0, 788.8
-434.3, 28.8, 790.3
-448.5, 91.2, 807.4
-,-,-
-432.4, 51.2, 753.2
-431.9, 49.8, 807.9
-430.4, 54.1, 836.2
-392.8, 58.1, 837.1
-386.0, 116.1, 872.3
-388.0, 185.9, 896.6
-361.6, 364.4, 905.9
-351.4, 438.1, 893.2
-347.5, 496.6, 896.2
-351.4, 571.7, 861.0
-395.3, 657.6, 930.8
-385.5, 693.7, 893.2
-398.7, 764.9, 888.8
-433.8, 856.6, 898.1
-426.5, 829.8, 843.5
-418.2, 745.9, 780.1
-393.3, 651.3, 781.5
-384.5, 561.0, 796.2
-388.4, 426.9, 777.1
-397.2, 287.3, 807.9
-477.8, 202.0, 934.2
-488.0, 249.8, 901.5
-397.7, 204.9, 723.5
-396.3, 55.6, 784.0
-492.4, -15.1, 889.8
-476.3, -69.3, 863.0
-450.9, -37.6, 857.1
-445.1, -23.9, 838.1
-428.5, -33.7, 814.2
-413.8, -12.7, 808.3
-391.4, 19.5, 811.3
-391.9, 90.2, 834.2
-376.2, 149.8, 849.3
-403.6, 432.7, 899.1
-348.9, 450.8, 849.3
-358.2, 517.1, 933.7
-388.0, 641.5, 900.5
-366.0, 703.9, 894.7
-380.6, 802.5, 888.4
-360.1, 824.0, 852.7
-377.2, 788.3, 888.4
-393.3, 754.7, 862.0
-391.9, 682.0, 810.8
-368.9, 545.9, 781.0
-364.5, 458.6, 785.9
-392.8, 306.8, 824.4
-471.9, 202.9, 916.2
-509.0, 262.5, 971.8
-422.1, 191.7, 793.7
-369.9, 74.6, 711.8
-437.2, 56.6, 878.1
-468.5, -35.6, 828.8
-463.6, -73.7, 847.9
-473.8, -4.4, 835.2
-450.4, -16.6, 795.2
-438.7, -2.0, 806.9
-431.9, -10.7, 795.7
-443.1, 4.9, 846.9
-451.9, 63.4, 869.8
-448.0, 157.6, 899.6
-441.6, 298.6, 935.2
-414.8, 403.4, 886.4
-418.2, 469.8, 834.7
-433.3, 609.3, 982.0
-424.6, 666.4, 932.7
-401.6, 712.2, 888.8
-397.7, 782.5, 878.6
-418.2, 826.4, 907.4
-429.9, 784.9, 893.2
-427.0, 794.2, 859.1
-401.1, 750.3, 800.1
-363.1, 615.7, 772.2
-348.4, 500.0, 806.4
-351.4, 325.9, 806.9
-367.5, 264.4, 918.6
-368.4, 353.7, 871.8
-276.7, 260.0, 684.9
-359.2, 200.5, 809.3
-417.2, 98.1, 822.5
-446.5, 37.1, 830.8
-487.5, -33.7, 830.8
-478.7, -86.8, 826.4
-526.1, -72.2, 868.8
-555.3, -27.8, 872.7
-530.0, -44.4, 830.8
-497.8, -49.3, 825.9
-478.7, -40.0, 867.4
-447.0, -19.0, 873.7
-432.4, 36.1, 880.5
-423.6, 313.7, 879.1
-394.3, 336.1, 754.7
-393.3, 473.2, 852.7
-407.0, 577.6, 908.8
-373.3, 605.4, 839.1
-395.8, 686.4, 912.7
-453.4, 755.2, 876.6
-438.2, 714.7, 856.6
-451.9, 744.0, 913.2
-446.5, 704.4, 936.6
-360.1, 674.2, 868.4
-348.4, 641.0, 865.9
-327.0, 609.8, 825.9
-313.3, 535.6, 806.4
-324.5, 414.2, 835.7
-359.2, 306.8, 903.5
-388.0, 243.4, 881.0
-379.7, 291.2, 796.2
-392.8, 176.1, 736.6
-531.4, 45.9, 860.1
-481.7, -56.6, 807.4
-501.7, -43.4, 857.6
-479.7, -98.5, 863.5
-503.1, -69.8, 858.6
-528.0, -58.5, 813.7
-524.1, -44.4, 792.2
-515.3, -7.8, 797.1
-481.7, 16.1, 809.8
-407.0, 113.2, 866.4
-415.3, 276.1, 939.6
-373.8, 380.0, 888.4
-,-,-
-302.6, 385.9, 744.4
-331.4, 464.4, 970.3
-368.0, 611.7, 962.0
-309.4, 636.6, 857.1
-292.8, 723.5, 911.8
-302.1, 774.7, 886.4
-301.6, 692.2, 871.8
-266.0, 639.6, 827.4
-250.3, 599.1, 809.3
-275.2, 525.4, 810.3
-304.5, 459.5, 824.0
-351.4, 342.5, 836.6
-368.9, 206.8, 871.3
-429.9, 201.0, 937.6
-437.2, 198.5, 875.7
-424.1, 162.0, 794.2
-492.4, -31.7, 846.4
-534.4, -28.3, 885.9
-540.2, -44.9, 844.4
-545.1, -16.6, 870.8
-556.3, 15.6, 841.5
-528.5, 2.4, 815.7
-508.0, 25.4, 810.8
-495.3, 26.3, 833.7
-480.2, 46.3, 847.4
-399.7, 176.6, 883.0
-397.7, 312.7, 844.9
-322.6, 329.3, 717.6
-298.2, 454.2, 857.1
-304.5, 504.4, 867.4
-279.1, 557.6, 839.6
-282.6, 624.4, 962.0
-342.6, 694.2, 900.5
-388.4, 713.7, 967.4
-411.4, 749.3, 962.5
-362.1, 767.4, 869.3
-376.2, 715.2, 848.3
-409.4, 659.6, 824.0
-423.1, 566.4, 819.6
-420.2, 365.9, 853.7
-461.2, 335.6, 962.0
-464.6, 308.8, 860.1
-414.8, 323.9, 778.1
-364.5, 147.8, 741.0
-504.1, 61.0, 826.9
-514.8, 28.8, 808.8
-564.1, 11.7, 897.1
-556.3, -35.6, 814.2
-568.5, -42.0, 845.4
-580.2, 42.0, 807.4
-553.4, -18.0, 794.7
-570.0, 21.0, 834.2
-513.9, -33.7, 819.1
-454.3, -17.6, 831.3
-452.4, 86.8, 923.0
-451.9, 254.2, 1042.5
-354.3, 347.8, 926.4
-271.3, 363.9, 831.8
-341.1, 581.5, 1009.8
-359.2, 677.6, 866.4
-355.8, 731.8, 840.5
-363.6, 795.2, 839.1
-372.8, 792.2, 893.2
-348.9, 768.8, 885.4
-298.2, 716.1, 858.1
-272.8, 660.0, 805.4
-292.8, 553.2, 783.5
-342.6, 442.0, 839.1
-400.2, 322.0, 922.5
-409.9, 312.7, 924.5
-381.6, 293.2, 730.3
-366.0, 218.1, 743.5
-471.4, 74.6, 792.7
-505.1, -37.6, 841.5
-568.0, 30.7, 900.5
-518.3, -62.0, 775.7
-516.3, -45.4, 794.2
-509.5, -51.2, 784.4
-518.3, 23.4, 778.6
-469.5, -5.9, 771.3
-499.7, 4.4, 818.6
-415.3, 10.7, 809.8
-455.8, 142.4, 912.3
-410.9, 69.3, 858.1
-421.1, 177.1, 918.1
-450.9, 370.3, 1022.5
-347.9, 390.8, 810.3
-347.0, 459.5, 951.3
-375.3, 545.4, 904.9
-448.0, 686.4, 1001.5
-380.2, 861.5, 902.0
-371.4, 885.9, 905.4
-376.2, 822.5, 894.7
-357.2, 764.9, 845.9
-317.2, 685.4, 805.9
-291.3, 627.4, 800.1
-305.5, 509.3, 797.1
-338.2, 373.2, 828.3
-372.3, 276.1, 898.1
-416.8, 260.0, 853.2
-359.2, 134.2, 674.2
-403.6, 69.3, 777.6
-478.7, -0.5, 886.4
-509.5, -24.4, 878.1
-506.5, -98.1, 832.7
-510.9, -69.8, 866.9
-480.2, -13.7, 787.4
-469.9, -15.6, 760.1
-469.9, -4.9, 788.8
-471.9, 63.9, 766.9
-418.7, 41.5, 815.2
-413.8, 96.6, 882.0
-417.2, 261.5, 947.9
-374.8, 347.3, 831.3
-325.5, 341.0, 812.2
-346.0, 432.2, 911.3
-346.5, 525.4, 1043.0
-351.8, 617.6, 943.5
-327.4, 773.7, 929.3
-342.6, 824.0, 915.7
-,-,-
-358.2, 812.7, 935.2
-355.8, 821.0, 895.7
-337.7, 744.4, 814.2
-331.8, 699.6, 777.1
-349.4, 620.0, 784.9
-379.2, 513.2, 820.5
-418.2, 327.3, 871.8
-463.6, 225.4, 937.1
-424.1, 235.6, 836.2
-386.0, 88.3, 758.1
-479.2, 120.5, 892.3
-485.6, -20.5, 828.3
-483.6, -4.9, 836.2
-476.3, -33.7, 790.3
-494.3, 53.7, 843.5
-498.2, 40.0, 770.3
-472.4, 36.1, 775.2
-446.5, 49.3, 771.8
-436.3, 95.6, 835.7
-414.8, 136.1, 864.0
-392.4, 188.3, 866.4
-396.3, 315.6, 911.8
-379.2, 406.9, 928.4
-397.2, 533.7, 909.8
-382.1, 540.0, 942.0
-368.9, 608.3, 940.1
-364.5, 778.1, 986.9
-361.1, 836.2, 957.1
-336.7, 771.3, 898.6
-313.3, 799.1, 886.9
-302.1, 751.3, 830.8
-296.7, 695.2, 805.4
-299.6, 625.4, 761.0
-311.8, 516.1, 783.5
-360.1, 350.8, 805.9
-370.9, 387.8, 828.3
-254.7, 175.6, 608.8
-339.6, 166.8, 764.9
-462.6, 148.8, 870.3
-469.9, -6.8, 701.5
-502.2, 44.4, 784.4
-529.0, 20.5, 863.0
-563.6, -45.4, 828.3
-567.1, -56.1, 820.1
-570.5, 2.0, 852.7
-547.5, -13.7, 793.2
-530.0, -4.4, 816.2
-503.1, 25.9, 835.7
-461.6, 87.8, 844.9
-404.1, 140.5, 817.1
-401.6, 315.1, 917.1
-389.9, 408.8, 836.2
-351.8, 423.4, 800.1
-348.4, 485.4, 935.7
-379.7, 646.4, 930.8
-355.8, 698.1, 915.2
-345.5, 785.9, 943.0
-351.8, 858.1, 921.0
-351.4, 784.9, 893.2
-354.3, 784.0, 896.6
-332.8, 747.9, 849.8
-333.8, 707.9, 813.7
-334.8, 655.2, 749.3
-365.0, 376.6, 809.3
-393.8, 225.9, 860.5
-440.2, 305.4, 949.3
-385.5, 236.6, 762.5
-416.8, 103.9, 703.5
-481.2, 112.7, 827.9
-493.9, 2.9, 885.4
-515.3, -22.9, 892.3
-503.6, -56.6, 837.1
-508.0, -8.3, 805.9
-492.9, -32.2, 773.2
-478.2, -21.0, 790.8
-431.4, 17.6, 770.3
-410.4, 24.9, 796.2
-381.6, 41.5, 817.1
-372.8, 141.0, 904.5
-365.5, 297.6, 981.0
-309.4, 325.9, 708.3
-299.1, 372.2, 858.1
-369.9, 655.7, 945.4
-367.5, 681.5, 870.3
-356.2, 821.5, 908.8
-432.9, 906.9, 914.2
-487.5, 907.4, 909.3
-502.6, 897.1, 905.4
-487.0, 896.6, 833.2
-434.8, 805.9, 731.3
-398.7, 715.2, 723.5
-409.9, 437.1, 770.3
-432.9, 221.5, 865.4
-492.9, 316.6, 1014.7
-416.3, 296.1, 803.5
-360.1, 97.1, 687.4
-417.2, 111.7, 850.3
-467.5, 7.3, 721.0
-466.5, 8.3, 834.7
-489.5, -61.5, 770.3
-515.8, -43.4, 809.3
-573.9, 14.6, 822.0
-550.5, 34.1, 790.3
-549.0, 56.6, 794.7
-536.8, 65.4, 790.3
-508.5, 91.7, 795.7
-482.1, 113.7, 804.4
-479.2, 259.5, 883.5
-511.9, 399.1, 973.7
-437.2, 394.7, 863.5
-460.7, 597.6, 874.7
-464.1, 696.1, 933.2
-458.2, 824.9, 862.0
-456.8, 867.9, 849.8
-462.1, 895.7, 872.7
-451.4, 827.4, 881.5
-425.5, 818.1, 846.9
-377.7, 787.9, 818.6
-347.5, 741.5, 753.2
-333.3, 538.1, 753.7
-,-,-
-374.8, 379.0, 819.6
-390.4, 304.9, 897.6
-351.8, 337.6, 783.5
-333.8, 256.1, 719.1
-410.4, 171.2, 756.6
-452.4, 33.7, 764.4
-486.0, 35.6, 852.3
-497.8, 40.0, 846.4
-508.0, -35.1, 805.9
-524.6, -46.3, 827.9
-553.4, 8.3, 836.6
-526.6, -17.1, 773.2
-497.8, 0.5, 816.6
-466.0, 35.1, 812.2
-461.2, 81.5, 842.5
-429.9, 115.1, 838.1
-438.7, 246.8, 898.1
-433.3, 389.3, 937.1
-351.4, 480.5, 890.3
-378.7, 562.5, 919.1
-366.0, 595.2, 813.2
-356.7, 678.1, 933.7
-357.2, 754.2, 868.8
-357.2, 796.2, 835.7
-386.5, 826.9, 876.2
-399.2, 758.1, 883.0
-421.6, 787.4, 856.6
-414.3, 685.4, 776.1
-382.1, 599.1, 767.4
-386.0, 494.2, 803.0
-401.1, 369.8, 833.7
-418.7, 274.7, 880.5
-433.3, 227.8, 903.0
-433.3, 205.9, 790.3
-459.2, 165.4, 782.5
-480.2, 56.1, 786.4
-564.1, -26.3, 877.1
-554.4, -58.1, 845.4
-577.8, -31.7, 880.1
-588.5, -10.2, 860.1
-551.4, -23.9, 816.6
-488.0, 19.0, 810.3
-407.0, 37.6, 804.0
-358.7, 84.9, 812.7
-310.4, 140.5, 817.1
-306.5, 324.4, 853.7
-259.6, 302.5, 693.7
-354.8, 456.1, 1023.5
-319.2, 468.8, 896.6
-365.0, 603.5, 954.7
-369.4, 614.7, 928.4
-350.9, 634.7, 902.0
-329.4, 730.3, 937.6
-311.3, 742.5, 899.6
-325.5, 751.3, 891.8
-259.6, 715.2, 833.7
-268.9, 683.0, 792.7
-278.2, 622.5, 754.7
-298.7, 540.0, 761.5
-310.4, 451.7, 794.2
-383.1, 297.6, 848.3
-412.8, 387.3, 960.6
-381.6, 294.2, 665.4
-397.7, 174.6, 787.9
-498.2, 91.2, 796.2
-522.6, 19.5, 803.5
-542.7, 37.1, 883.5
-539.2, -51.2, 865.4
-575.8, -45.9, 862.0
-576.3, -32.7, 842.5
-562.7, -20.0, 822.5
-513.4, -27.3, 810.8
-466.0, -22.4, 841.0
-440.7, -6.3, 841.5
-394.8, 115.6, 897.6
-409.4, 273.2, 952.3
-333.8, 285.4, 748.8
-364.0, 441.5, 969.8
-356.2, 469.8, 902.0
-417.7, 647.4, 993.7
-402.1, 690.8, 920.1
-395.3, 815.2, 907.9
-392.8, 852.7, 860.5
-419.7, 854.2, 901.5
-410.9, 825.9, 838.6
-368.9, 750.8, 766.4
-344.5, 683.0, 741.0
-341.1, 607.8, 762.0
-350.9, 406.9, 779.6
-368.9, 225.9, 871.8
-421.1, 316.6, 1012.3
-367.5, 284.4, 926.4
-383.6, 148.8, 838.6
-428.0, 11.2, 888.4
-506.1, 3.4, 883.5
-513.9, 5.4, 929.8
-509.0, -72.2, 842.5
-507.5, -84.9, 867.9
-529.0, -22.4, 869.3
-491.4, -51.7, 807.9
-463.1, -25.9, 797.6
-391.9, 39.5, 802.0
-382.6, 119.0, 856.2
-400.6, 237.6, 915.2
-392.4, 339.5, 881.0
-373.3, 403.0, 840.1
-391.9, 471.3, 910.3
-384.5, 521.5, 809.3
-401.6, 664.9, 914.7
-367.0, 697.1, 852.7
-334.8, 737.1, 859.1
-380.2, 759.1, 884.4
-379.2, 758.6, 886.9
-379.2, 733.7, 855.7
-344.5, 688.8, 828.8
-326.0, 633.7, 784.4
-321.1, 566.4, 770.3
-346.0, 449.3, 808.8
-368.9, 285.9, 861.5
-414.8, 277.6, 976.2
-,-,-
-438.7, 116.1, 753.2
-525.1, 101.5, 868.4
-545.1, 11.2, 847.4
-543.6, -46.3, 845.4
-561.7, -40.5, 900.5
-525.6, -75.1, 848.3
-518.3, -2.4, 857.6
-479.2, -16.1, 797.1
-472.9, 8.3, 784.9
-421.1, 37.1, 822.5
-387.5, 82.4, 856.6
-381.1, 249.8, 945.9
-391.4, 381.0, 909.3
-371.4, 413.2, 836.2
-334.8, 470.8, 744.0
-379.7, 616.6, 917.6
-373.3, 607.4, 913.2
-347.9, 679.1, 887.9
-332.8, 797.6, 895.7
-347.9, 758.1, 877.6
-358.2, 787.4, 858.1
-355.3, 751.8, 802.0
-370.4, 722.0, 751.8
-370.4, 650.3, 699.1
-387.5, 564.4, 725.9
-414.3, 393.7, 794.7
-442.1, 216.1, 791.3
-493.4, 203.9, 961.5
-395.3, 111.2, 743.5
-463.6, 59.5, 814.7
-536.3, 20.0, 884.0
-510.4, -119.5, 872.3
-529.0, -114.6, 893.7
-503.6, -40.0, 932.3
-464.1, -62.0, 835.7
-435.3, -43.9, 827.4
-429.0, -20.5, 831.8
-392.8, 78.5, 866.9
-371.9, 210.7, 897.1
-325.5, 267.8, 872.3
-286.5, 349.3, 829.3
-260.6, 456.1, 933.7
-316.7, 554.2, 968.8
-336.7, 569.3, 808.3
-283.5, 643.0, 920.5
-371.9, 781.0, 910.3
-445.1, 825.9, 899.6
-438.2, 892.7, 847.4
-417.2, 860.1, 767.9
-414.8, 772.2, 741.5
-429.4, 686.4, 735.2
-447.0, 544.4, 777.1
-440.7, 379.5, 829.8
-439.7, 182.9, 853.2
-499.2, 301.0, 1028.4
-471.9, 247.8, 757.1
-498.2, 81.5, 912.3
-533.4, 21.5, 896.2
-515.3, -59.0, 829.8
-500.2, -75.1, 820.1
-488.5, -60.5, 824.9
-495.8, 4.4, 834.7
-480.2, -24.9, 790.3
-468.5, -2.0, 816.6
-434.3, 24.4, 790.3
-374.8, 92.7, 846.4
-356.2, 195.1, 917.6
-360.6, 372.2, 955.7
-347.5, 445.9, 869.3
-406.0, 564.4, 912.3
-392.4, 595.2, 920.5
-374.3, 721.5, 949.3
-458.2, 851.8, 897.6
-414.8, 868.4, 841.0
-356.2, 835.7, 818.1
-331.8, 773.7, 781.5
-325.5, 699.1, 759.1
-325.0, 589.8, 764.4
-336.2, 433.7, 805.4
-333.3, 291.7, 844.9
-357.2, 238.1, 913.2
-369.4, 377.6, 833.7
-331.4, 115.1, 595.2
-407.5, 99.5, 841.0
-562.2, 2.0, 874.2
-574.9, -25.9, 827.4
-556.8, -26.3, 833.7
-565.1, -40.5, 816.6
-637.3, 5.9, 895.7
-637.8, -4.9, 848.3
-573.9, 32.7, 821.5
-518.7, 75.1, 829.8
-444.6, 101.5, 889.8
-388.4, 182.0, 902.0
-402.6, 333.2, 949.3
-401.1, 448.8, 899.6
-354.8, 466.9, 912.7
-375.3, 574.2, 904.5
-356.7, 638.6, 939.1
-321.6, 756.1, 910.3
-283.5, 806.9, 843.5
-265.0, 790.3, 834.7
-299.6, 689.3, 790.8
-316.7, 672.2, 771.8
-277.7, 541.0, 721.5
-332.3, 434.7, 775.7
-385.0, 310.3, 807.9
-420.2, 282.9, 843.0
-454.8, 278.1, 758.1
-442.1, 176.1, 755.2
-500.7, 82.4, 817.6
-642.7, 22.4, 941.0
-563.2, -191.2, 770.8
-607.1, 126.8, 890.8
-575.4, -84.9, 791.3
-515.3, -27.8, 868.8
-542.7, 22.4, 869.3
-513.4, 52.7, 881.5
-472.9, 57.1, 809.8
-398.7, 90.7, 875.7
-,-,-
-393.8, 207.8, 968.8
-356.7, 442.0, 873.7
-357.7, 532.7, 894.2
-359.2, 677.1, 936.2
-339.2, 731.8, 834.7
-337.2, 807.4, 888.8
-334.3, 822.5, 902.5
-360.1, 777.1, 905.4
-359.2, 738.6, 835.7
-337.2, 695.7, 794.2
-357.7, 553.7, 770.3
-361.6, 363.4, 829.8
-391.9, 288.8, 890.3
-401.6, 273.2, 851.3
-437.7, 275.1, 861.5
-428.5, 116.6, 696.1
-427.5, 22.0, 785.4
-467.5, -13.2, 849.3
-537.3, -22.0, 877.6
-544.1, -78.1, 864.4
-546.1, -11.2, 870.3
-517.8, 5.4, 779.1
-455.3, -15.6, 851.8
-477.8, 62.9, 829.8
-432.9, 62.0, 820.1
-396.3, 111.2, 865.4
-383.1, 194.6, 906.9
-399.2, 380.0, 965.9
-383.6, 487.8, 836.6
-315.2, 620.5, 882.5
-318.2, 693.7, 866.9
-340.1, 772.7, 895.2
-329.4, 802.5, 848.8
-343.6, 768.8, 874.7
-359.7, 773.2, 856.2
-347.5, 698.6, 811.3
-354.3, 645.9, 789.3
-364.5, 593.7, 792.7
-419.7, 337.1, 840.5
-460.7, 199.5, 933.2
-542.7, 226.8, 961.0
-500.2, 157.6, 720.5
-466.5, 16.6, 679.1
-521.7, 26.3, 891.3
-540.7, -163.4, 918.1
-563.2, -61.5, 902.5
-503.6, -7.3, 832.3
-461.6, -30.7, 864.4
-452.9, -16.1, 845.9
-479.7, 92.2, 891.3
-407.0, 22.4, 740.5
-341.1, 114.6, 882.5
-334.8, 231.7, 910.8
-347.9, 343.4, 898.6
-288.4, 286.4, 709.3
-364.5, 497.1, 1050.3
-360.6, 452.2, 903.5
-407.5, 751.3, 856.6
-381.1, 802.0, 826.9
-388.0, 890.8, 852.3
-426.0, 852.7, 881.5
-446.0, 834.2, 810.3
-428.0, 743.0, 792.2
-415.8, 677.6, 792.7
-402.1, 578.1, 774.2
-426.5, 359.0, 797.1
-453.4, 350.8, 952.7
-407.5, 227.8, 703.9
-431.4, 170.7, 749.8
-581.7, -317.6, 629.8
-542.7, 139.5, 1039.1
-549.0, -121.0, 823.5
-499.7, -95.1, 819.1
-544.1, 108.3, 861.0
-515.8, 2.0, 775.2
-456.3, 45.9, 850.3
-404.1, 39.5, 875.2
-368.0, 199.5, 784.4
-382.6, 30.7, 824.9
-333.3, 183.9, 936.2
-370.9, 299.0, 949.8
-355.3, 403.0, 908.8
-309.4, 362.5, 785.9
-350.4, 500.5, 1007.9
-331.4, 626.9, 839.6
-388.9, 753.7, 932.7
-413.3, 746.9, 869.8
-434.3, 736.6, 905.4
-454.3, 747.4, 932.3
-451.4, 740.0, 877.6
-413.3, 689.8, 806.9
-413.8, 629.8, 781.0
-432.4, 553.2, 799.1
-440.2, 417.1, 804.0
-486.0, 291.7, 931.3
-488.5, 316.6, 865.9
-444.6, 192.2, 705.4
-433.8, 104.4, 774.2
-459.7, 48.3, 866.9
-500.7, -6.8, 855.7
-516.8, -90.2, 798.6
-529.5, -12.7, 848.3
-490.0, -20.5, 805.4
-440.2, 11.2, 826.4
-433.3, 65.9, 742.0
-398.7, 53.7, 751.8
-366.0, 101.5, 805.9
-390.9, 207.3, 902.5
-418.7, 356.6, 968.8
-368.9, 396.1, 711.3
-355.3, 418.1, 911.8
-365.0, 509.8, 1008.8