-,-,-
-485.1, 354.7, 865.9
-504.6, 334.2, 844.0
-480.2, 326.4, 834.2
-471.4, 318.1, 817.1
-474.8, 322.9, 818.1
-488.0, 320.0, 819.6
-484.1, 303.4, 818.6
-497.3, 294.7, 838.1
-492.9, 308.8, 825.4
-474.8, 329.8, 816.2
-444.1, 371.2, 760.1
-422.1, 387.8, 756.6
-409.4, 399.1, 758.1
-423.6, 408.8, 762.0
-447.5, 405.4, 764.4
-479.7, 411.7, 786.9
-504.6, 388.8, 806.4
-506.5, 360.0, 814.7
-488.0, 385.4, 810.8
-438.7, 396.1, 774.2
-470.4, 378.6, 782.0
-495.8, 363.0, 786.9
-523.6, 403.0, 823.5
-522.6, 367.8, 835.2
-504.6, 393.2, 852.3
-498.2, 381.5, 808.8
-496.8, 500.0, 819.6
-432.4, 417.1, 765.4
-507.5, 359.0, 846.9
-520.2, 342.0, 866.9
-518.3, 373.2, 831.8
-492.9, 407.8, 813.7
-469.0, 421.5, 764.9
-474.8, 423.9, 784.4
-474.8, 398.6, 794.7
-506.1, 427.8, 786.4
-476.3, 385.4, 781.0
-497.3, 430.8, 818.6
-470.9, 433.7, 762.5
-445.5, 430.8, 781.5
-476.3, 373.7, 768.3
-482.1, 412.2, 811.3
-474.8, 417.6, 779.1
-458.7, 370.3, 794.2
-494.8, 338.1, 802.5
-488.0, 354.2, 835.7
-529.5, 408.8, 782.0
-502.2, 366.4, 798.1
-475.3, 385.4, 774.2
-445.1, 385.4, 735.7
-451.4, 413.7, 742.5
-480.2, 405.4, 773.7
-475.3, 419.5, 768.3
-500.7, 423.4, 769.8
-499.2, 408.8, 789.8
-537.3, 407.3, 799.1
-539.7, 374.7, 786.9
-525.1, 373.7, 784.4
-506.5, 367.3, 799.6
-511.9, 385.9, 801.0
-480.2, 387.3, 789.8
-464.1, 369.8, 766.4
-475.3, 416.6, 754.7
-479.2, 430.3, 751.3
-511.9, 387.8, 751.3
-523.1, 405.4, 764.9
-483.1, 400.5, 790.8
-462.6, 387.8, 788.8
-447.0, 386.4, 775.7
-461.6, 383.0, 775.7
-470.9, 376.6, 779.1
-489.5, 366.9, 793.2
-494.3, 333.2, 781.5
-494.3, 364.9, 794.2
-498.7, 385.9, 798.1
-471.9, 418.1, 755.7
-467.5, 455.2, 756.1
-458.7, 458.1, 723.0
-468.0, 454.7, 746.9
-486.0, 457.1, 762.0
-514.8, 447.8, 768.8
-534.8, 431.7, 783.0
-525.6, 398.1, 788.3
-549.0, 415.6, 798.6
-536.8, 378.1, 801.0
-521.7, 364.4, 800.5
-489.0, 365.9, 801.5
-467.0, 324.9, 804.0
-464.1, 333.7, 800.1
-454.8, 329.8, 777.6
-463.6, 330.8, 776.6
-510.0, 356.6, 777.1
-551.9, 390.8, 754.7
-568.0, 432.2, 709.3
-524.6, 473.7, 702.5
-524.1, 471.3, 698.6
-552.4, 505.4, 729.3
-525.6, 473.7, 732.2
-517.8, 421.5, 746.9
-517.3, 363.9, 775.7
-536.3, 304.4, 824.9
-533.4, 327.8, 864.4
-497.8, 286.4, 796.2
-445.5, 227.8, 839.1
-436.8, 208.3, 849.3
-424.1, 230.3, 830.8
-468.5, 259.5, 781.5
-504.6, 314.2, 784.4
-505.1, 400.0, 781.5
-478.7, 406.4, 724.0
-524.6, 433.2, 724.0
-547.0, 488.3, 794.7
-509.5, 523.9, 723.5
-470.4, 492.7, 747.4
-509.5, 527.4, 801.0
-517.8, 493.7, 765.4
-531.9, 483.9, 762.5
-532.9, 393.7, 737.6
-511.4, 479.1, 811.3
-511.4, 467.8, 807.9
-,-,-
-465.6, 411.7, 759.6
-464.6, 413.7, 763.5
-444.6, 361.0, 769.3
-497.8, 383.9, 761.5
-498.2, 353.2, 783.5
-503.6, 373.7, 791.8
-504.1, 382.5, 799.6
-506.1, 368.3, 787.4
-503.6, 406.4, 789.8
-478.7, 435.2, 773.2
-470.4, 477.1, 769.3
-500.7, 470.3, 796.6
-523.1, 445.4, 752.7
-498.2, 409.8, 778.1
-478.2, 387.3, 791.8
-469.9, 431.2, 807.4
-459.7, 378.6, 772.7
-501.2, 399.1, 841.0
-503.1, 396.6, 764.4
-501.2, 391.7, 738.6
-506.5, 418.6, 784.0
-497.8, 444.4, 801.0
-470.4, 406.9, 805.4
-490.9, 448.3, 829.8
-479.7, 409.3, 797.1
-471.9, 396.1, 818.1
-500.2, 382.0, 808.3
-496.8, 397.1, 804.4
-484.1, 389.8, 773.2
-470.4, 378.6, 784.4
-519.2, 357.6, 824.0
-506.1, 367.3, 808.8
-522.6, 413.2, 820.1
-463.1, 408.3, 755.7
-429.9, 406.9, 757.1
-412.8, 433.7, 784.9
-403.6, 414.7, 752.7
-426.5, 406.9, 795.7
-449.9, 391.7, 795.7
-478.2, 365.4, 809.8
-488.0, 366.9, 790.8
-471.9, 370.8, 815.7
-455.3, 372.2, 787.4
-465.6, 381.5, 781.0
-485.6, 391.2, 797.1
-505.1, 401.0, 797.6
-493.4, 393.2, 795.2
-493.9, 372.7, 823.0
-463.1, 377.1, 813.7
-445.5, 373.2, 805.9
-423.1, 362.0, 792.2
-423.1, 371.7, 775.7
-440.2, 375.1, 775.2
-453.8, 381.0, 787.9
-451.9, 389.3, 794.2
-444.1, 381.0, 801.5
-448.0, 385.4, 810.3
-430.4, 419.1, 779.1
-432.4, 426.4, 769.8
-435.3, 416.1, 755.7
-452.9, 416.1, 751.3
-452.4, 420.0, 762.5
-461.2, 433.2, 771.3
-473.4, 395.1, 809.8
-452.4, 373.2, 809.3
-478.7, 371.2, 819.6
-497.3, 372.2, 844.0
-512.4, 369.3, 795.2
-520.2, 401.5, 835.7
-494.8, 422.0, 827.4
-474.8, 352.2, 782.0
-486.0, 320.0, 804.9
-536.8, 411.2, 875.2
-462.1, 387.8, 747.4
-457.3, 396.6, 769.3
-459.7, 440.5, 860.1
-448.5, 385.4, 800.1
-449.4, 394.2, 815.2
-429.9, 361.5, 731.8
-442.6, 447.8, 883.5
-486.5, 446.9, 789.3
-450.9, 355.1, 772.7
-448.5, 361.0, 830.3
-447.5, 431.7, 812.2
-448.0, 435.6, 729.8
-451.4, 301.5, 795.7
-545.6, 379.0, 826.9
-512.4, 354.7, 805.4
-549.5, 363.0, 824.4
-552.4, 371.7, 812.7
-521.7, 394.2, 820.5
-484.6, 387.3, 772.2
-460.2, 402.0, 797.1
-453.8, 350.8, 746.4
-492.4, 384.9, 813.7
-467.0, 402.0, 803.0
-467.0, 414.2, 805.4
-458.7, 400.0, 801.0
-461.2, 397.6, 796.2
-461.2, 384.9, 774.7
-457.3, 391.7, 777.1
-474.8, 411.2, 776.1
-475.8, 415.6, 762.5
-472.4, 423.4, 772.7
-449.9, 364.4, 773.7
-489.0, 398.1, 799.1
-503.6, 348.3, 783.0
-513.4, 317.1, 768.8
-531.4, 332.2, 791.3
-553.4, 369.8, 792.7
-512.9, 319.5, 787.4
-491.9, 334.7, 801.5
-474.8, 349.3, 781.5
-479.2, 389.8, 758.1
-495.3, 421.5, 749.8
-491.9, 435.2, 744.0
-471.9, 458.1, 718.6
-467.0, 471.3, 715.2
-446.5, 483.0, 730.3
-426.5, 449.8, 729.8
-,-,-
-430.9, 418.1, 749.8
-438.7, 392.2, 766.4
-463.1, 358.1, 785.4
-507.5, 383.9, 823.5
-498.2, 392.7, 799.1
-494.3, 403.9, 780.1
-520.2, 430.8, 760.5
-538.8, 440.0, 772.2
-549.5, 438.1, 778.6
-543.1, 445.9, 802.0
-530.9, 432.2, 802.5
-514.8, 430.8, 804.4
-483.6, 404.4, 777.1
-485.1, 385.4, 782.0
-472.9, 374.7, 791.8
-470.4, 377.1, 782.5
-457.7, 394.2, 758.1
-464.1, 404.4, 744.4
-443.6, 429.3, 747.9
-445.1, 435.2, 744.4
-449.9, 430.3, 746.4
-464.6, 416.6, 742.0
-473.4, 406.4, 765.9
-490.0, 420.5, 763.0
-492.4, 404.9, 752.2
-497.8, 442.0, 751.3
-501.7, 453.2, 750.3
-515.8, 447.8, 733.2
-513.9, 449.3, 733.7
-508.5, 469.8, 739.1
-496.8, 469.8, 744.9
-512.4, 421.0, 741.5
-551.4, 463.0, 787.9
-564.1, 471.3, 769.3
-537.8, 451.7, 750.3
-527.0, 410.8, 736.6
-509.5, 427.3, 806.4
-503.6, 428.3, 768.8
-489.5, 440.0, 766.9
-488.5, 424.4, 776.6
-503.6, 407.3, 781.0
-516.8, 387.8, 763.5
-506.1, 389.3, 789.3
-514.8, 394.2, 805.9
-470.9, 371.7, 771.3
-434.3, 363.4, 725.4
-468.0, 443.4, 831.8
-452.4, 426.4, 782.0
-449.9, 429.8, 744.4
-504.6, 445.9, 765.9
-493.4, 428.8, 754.2
-539.2, 476.1, 809.3
-500.7, 445.9, 738.6
-509.0, 424.9, 763.0
-514.4, 440.0, 779.1
-506.1, 423.0, 779.1
-536.8, 456.1, 772.2
-508.5, 442.5, 779.1
-486.0, 416.1, 728.8
-501.2, 443.9, 797.6
-500.2, 426.4, 776.6
-522.6, 422.5, 776.1
-575.4, 416.1, 802.5
-562.2, 398.1, 806.9
-525.6, 422.0, 780.5
-492.4, 445.9, 783.0
-438.7, 405.9, 737.6
-463.1, 409.8, 754.7
-493.4, 402.5, 749.3
-520.2, 386.9, 770.8
-532.9, 384.4, 778.6
-542.7, 392.7, 769.3
-510.4, 373.7, 776.6
-486.0, 383.4, 778.6
-482.1, 390.3, 789.8
-481.2, 375.1, 751.8
-503.6, 372.2, 797.1
-516.3, 388.3, 755.2
-534.8, 408.3, 771.3
-539.2, 371.2, 789.8
-525.1, 382.0, 808.3
-490.0, 385.9, 777.1
-486.0, 404.4, 777.6
-457.7, 403.4, 787.4
-503.1, 403.9, 755.7
-495.3, 423.4, 752.7
-486.0, 426.4, 752.7
-495.8, 428.8, 771.8
-499.2, 448.3, 776.6
-491.4, 435.2, 760.5
-476.3, 448.3, 752.7
-461.2, 453.7, 739.6
-435.8, 452.2, 746.4
-428.0, 439.5, 732.2
-424.1, 469.8, 736.6
-431.4, 482.0, 719.1
-451.9, 483.9, 744.4
-468.0, 481.5, 749.3
-470.4, 406.9, 756.1
-530.0, 404.4, 803.5
-542.7, 383.0, 809.8
-580.7, 381.5, 856.6
-586.1, 310.3, 784.0
-571.0, 347.8, 833.7
-570.0, 463.9, 870.3
-513.4, 368.8, 834.2
-569.5, 396.1, 807.9
-518.3, 335.6, 706.4
-500.7, 358.1, 771.3
-508.0, 440.0, 729.8
-449.4, 408.3, 719.1
-478.7, 486.9, 750.8
-455.3, 450.8, 650.8
-470.4, 342.9, 722.5
-562.2, 426.4, 733.2
-613.9, 463.4, 777.6
-576.3, 463.4, 797.6
-521.2, 420.0, 764.0
-537.3, 412.2, 719.6
-563.6, 373.2, 773.2
-,-,-
-596.8, 384.4, 786.9
-580.7, 410.8, 790.8
-569.0, 423.9, 761.5
-563.2, 435.2, 805.4
-496.3, 352.2, 768.3
-517.8, 381.5, 748.8
-509.0, 375.1, 741.5
-540.2, 393.2, 770.8
-553.4, 415.6, 761.5
-529.0, 415.1, 765.4
-488.5, 414.7, 750.3
-485.6, 403.4, 740.5
-481.2, 420.5, 751.3
-481.7, 390.8, 729.8
-486.5, 401.5, 740.0
-497.3, 382.0, 719.6
-506.5, 406.9, 751.3
-494.8, 402.5, 752.7
-479.2, 395.1, 746.4
-479.7, 392.2, 734.2
-517.8, 382.5, 737.1
-523.1, 400.0, 745.4
-524.6, 443.4, 728.3
-524.6, 462.0, 726.4
-516.8, 473.7, 709.3
-510.0, 474.7, 708.8
-506.5, 463.4, 709.8
-523.6, 452.2, 714.2
-536.8, 428.8, 730.8
-579.3, 419.1, 772.7
-575.4, 412.2, 766.4
-531.9, 431.7, 763.0
-489.5, 407.3, 772.7
-469.9, 394.2, 759.1
-479.2, 383.0, 759.1
-503.1, 399.5, 758.1
-528.0, 404.4, 736.6
-534.4, 430.8, 754.2
-539.2, 455.2, 742.0
-515.8, 436.6, 749.8
-502.6, 432.2, 709.8
-501.2, 430.3, 719.6
-528.5, 449.3, 733.7
-517.3, 444.9, 729.3
-520.7, 443.9, 720.0
-558.3, 453.7, 748.8
-542.2, 467.3, 750.8
-521.7, 502.0, 750.3
-520.2, 497.1, 729.8
-508.5, 477.6, 703.5
-477.3, 453.7, 718.6
-473.4, 469.3, 700.5
-481.7, 502.5, 757.1
-484.1, 463.9, 736.6
-518.3, 456.1, 762.0
-534.8, 445.4, 765.9
-542.2, 455.6, 759.6
-532.4, 458.1, 759.1
-489.5, 449.3, 738.6
-454.3, 481.5, 727.4
-453.4, 477.1, 733.2
-464.6, 465.9, 722.0
-498.7, 395.6, 740.0
-550.0, 407.8, 781.5
-548.0, 409.8, 767.9
-529.5, 416.1, 749.8
-523.6, 365.9, 705.9
-517.3, 398.1, 776.1
-509.5, 439.1, 753.2
-528.5, 435.2, 748.3
-519.2, 450.8, 749.3
-557.8, 446.9, 713.7
-560.2, 439.5, 744.9
-534.4, 452.2, 785.9
-519.2, 474.2, 731.8
-495.3, 480.5, 739.1
-504.1, 511.7, 749.8
-500.7, 452.7, 725.9
-542.7, 415.6, 785.4
-553.9, 477.1, 794.2
-541.7, 437.1, 736.6
-528.0, 443.0, 766.4
-509.0, 472.2, 757.6
-493.4, 456.1, 718.6
-510.9, 445.4, 765.9
-504.6, 422.5, 764.4
-521.2, 415.1, 755.7
-529.0, 423.4, 766.4
-528.5, 424.4, 775.2
-510.4, 431.7, 760.1
-500.2, 438.1, 748.8
-501.2, 400.0, 751.8
-526.1, 404.9, 773.7
-530.5, 413.2, 761.0
-507.5, 413.7, 748.3
-500.7, 424.9, 737.1
-499.2, 419.1, 768.3
-504.6, 383.9, 770.8
-517.8, 405.4, 778.1
-522.2, 412.7, 759.6
-506.5, 412.2, 752.7
-507.0, 414.2, 751.3
-509.5, 456.6, 751.3
-491.9, 464.9, 757.1
-480.7, 467.3, 765.4
-467.5, 430.3, 746.9
-505.6, 440.5, 752.7
-516.8, 409.8, 774.7
-522.2, 427.3, 775.2
-520.2, 447.3, 754.7
-503.6, 453.2, 752.7
-499.2, 444.4, 763.0
-478.2, 445.9, 741.0
-469.5, 461.5, 711.8
-481.7, 475.2, 709.3
-540.2, 456.1, 753.7
-529.5, 426.9, 734.7
-511.9, 401.0, 724.0
-516.8, 376.1, 752.2
-510.4, 312.7, 779.6
-,-,-
-533.9, 344.9, 825.9
-557.8, 381.0, 797.6
-480.2, 287.8, 738.6
-549.0, 398.1, 798.1
-502.2, 349.8, 756.1
-513.4, 344.4, 791.3
-522.6, 352.7, 765.9
-529.0, 388.3, 741.5
-508.5, 427.8, 731.8
-497.8, 404.9, 713.7
-506.5, 401.5, 725.9
-520.7, 435.6, 761.0
-527.5, 421.5, 735.7
-499.2, 389.8, 769.3
-535.8, 435.6, 762.5
-552.4, 422.0, 764.4
-542.7, 428.3, 755.2
-509.0, 405.4, 740.0
-522.2, 457.6, 746.9
-499.2, 444.9, 733.7
-506.1, 433.2, 740.0
-519.2, 407.3, 761.5
-531.9, 390.3, 773.7
-522.2, 363.0, 769.3
-576.3, 419.5, 788.3
-517.3, 393.2, 769.3
-503.1, 403.9, 765.4
-504.1, 402.0, 762.5
-517.8, 396.6, 742.0
-537.3, 392.7, 760.5
-549.5, 363.9, 751.8
-568.0, 367.3, 756.6
-516.3, 387.3, 739.6
-455.8, 314.2, 713.2
-472.9, 355.6, 738.1
-501.7, 369.8, 709.8
-499.7, 345.9, 721.0
-507.5, 349.3, 741.0
-496.8, 370.8, 743.5
-488.0, 390.8, 734.7
-487.0, 407.3, 723.5
-469.0, 407.8, 718.1
-452.4, 472.2, 661.5
-462.6, 485.4, 674.7
-498.2, 482.5, 682.0
-516.3, 485.9, 715.7
-538.8, 461.0, 725.4
-568.5, 431.2, 772.2
-601.2, 401.5, 802.5
-599.3, 424.4, 801.0
-599.3, 424.9, 786.4
-566.6, 432.2, 763.5
-548.0, 443.9, 764.0
-542.2, 448.3, 749.8
-566.6, 446.4, 763.0
-591.9, 441.5, 775.7
-578.3, 453.7, 755.7
-552.9, 446.4, 745.4
-500.7, 437.1, 740.0
-486.0, 430.8, 729.3
-506.5, 426.4, 744.9
-509.0, 397.6, 745.4
-521.7, 399.5, 724.9
-510.0, 435.6, 733.2
-508.5, 465.4, 731.3
-508.5, 496.6, 712.2
-488.0, 511.3, 692.7
-495.8, 525.9, 695.7
-495.3, 489.3, 701.0
-516.8, 463.4, 734.2
-503.6, 458.6, 735.7
-506.5, 461.5, 746.9
-490.9, 475.2, 710.8
-510.0, 471.7, 702.0
-512.9, 448.3, 719.1
-520.7, 444.9, 759.1
-520.2, 458.6, 758.6
-503.1, 422.5, 739.1
-522.6, 429.8, 758.6
-498.2, 437.6, 710.3
-506.1, 449.3, 738.1
-507.5, 493.2, 693.2
-475.8, 485.9, 722.5
-501.2, 492.2, 746.4
-490.4, 459.5, 762.5
-510.4, 466.9, 720.5
-526.6, 481.5, 733.2
-535.3, 489.8, 722.0
-554.4, 471.3, 780.5
-551.9, 467.8, 750.3
-536.8, 466.9, 748.8
-537.3, 468.8, 724.9
-550.0, 461.0, 730.8
-554.9, 446.9, 745.4
-576.8, 443.4, 764.4
-569.0, 428.8, 775.7
-551.9, 423.4, 753.2
-514.4, 431.2, 745.9
-495.8, 398.1, 746.9
-544.1, 419.1, 769.8
-540.2, 396.6, 758.1
-524.6, 375.6, 775.2
-530.0, 388.8, 761.0
-522.2, 390.3, 769.8
-528.0, 426.4, 775.2
-519.7, 416.6, 754.7
-516.3, 421.5, 742.5
-483.6, 400.5, 746.9
-500.2, 437.6, 763.5
-500.2, 426.4, 753.2
-504.1, 431.7, 743.5
-505.6, 456.1, 747.4
-480.7, 437.6, 743.5
-480.7, 443.4, 742.0
-504.1, 441.0, 760.5
-486.0, 439.1, 746.9
-476.8, 447.3, 754.2
-471.4, 427.3, 752.2
-480.7, 428.8, 752.2
-501.2, 415.6, 768.8
-,-,-
-507.5, 390.8, 774.7
-514.8, 379.0, 776.6
-516.8, 362.5, 774.7
-512.4, 376.1, 782.5
-521.7, 371.2, 759.6
-528.5, 370.3, 773.2
-540.2, 366.4, 772.7
-539.2, 363.9, 790.8
-549.0, 375.6, 784.9
-545.6, 383.9, 776.1
-516.8, 394.2, 752.2
-509.0, 402.0, 736.1
-517.8, 414.7, 762.5
-518.7, 397.6, 760.5
-533.9, 422.0, 761.0
-514.8, 398.6, 776.1
-510.4, 397.6, 777.1
-502.6, 384.9, 765.9
-489.5, 391.2, 776.1
-485.6, 399.1, 768.8
-496.3, 415.1, 762.0
-494.8, 407.3, 776.6
-489.5, 387.3, 781.5
-496.3, 388.3, 770.8
-526.1, 398.1, 761.5
-547.5, 401.0, 770.8
-553.9, 379.5, 793.7
-536.3, 395.1, 799.6
-497.8, 403.0, 761.0
-477.8, 413.7, 743.0
-472.9, 408.3, 749.3
-475.8, 418.6, 769.3
-465.6, 408.8, 759.6
-467.0, 422.5, 754.7
-445.1, 406.9, 769.8
-452.4, 430.8, 756.6
-438.7, 418.1, 739.6
-442.6, 405.4, 739.1
-476.8, 380.0, 760.5
-478.7, 363.4, 789.8
-529.5, 383.9, 803.5
-520.7, 333.7, 798.6
-514.8, 365.4, 795.7
-497.3, 357.1, 785.4
-491.9, 355.1, 775.2
-509.5, 358.6, 783.0
-506.5, 363.4, 809.8
-519.7, 359.0, 797.1
-508.0, 376.6, 789.8
-485.1, 390.8, 779.1
-476.3, 371.2, 753.7
-489.0, 466.9, 821.5
-486.5, 432.7, 752.2
-518.3, 405.4, 732.7
-541.2, 430.3, 797.6
-539.2, 415.6, 807.9
-494.8, 435.6, 794.7
-490.0, 443.9, 785.4
-491.9, 408.3, 819.6
-541.2, 406.9, 778.6
-534.8, 304.9, 788.8
-549.5, 428.8, 764.9
-532.4, 448.3, 774.7
-487.5, 383.4, 758.6
-516.3, 389.3, 787.4
-515.3, 377.6, 776.6
-519.2, 389.3, 780.5
-485.6, 406.9, 761.5
-472.4, 382.5, 711.3
-476.8, 427.8, 754.7
-473.4, 399.1, 719.6
-490.0, 401.5, 764.9
-504.1, 413.7, 787.4
-506.1, 438.1, 762.0
-493.9, 432.7, 757.1
-464.6, 397.1, 769.8
-476.8, 419.5, 743.5
-473.4, 453.7, 799.6
-467.5, 449.8, 758.1
-510.4, 450.3, 755.7
-530.5, 408.8, 778.1
-552.4, 443.4, 766.9
-543.6, 443.9, 757.6
-530.5, 397.1, 737.1
-523.1, 388.8, 793.7
-542.2, 374.7, 786.9
-564.1, 429.3, 786.4
-555.3, 406.9, 767.4
-551.9, 405.9, 768.3
-527.0, 386.4, 749.8
-509.0, 413.7, 780.5
-465.1, 385.4, 729.8
-469.5, 380.5, 756.1
-509.5, 390.8, 768.8
-499.7, 380.5, 759.6
-505.1, 400.5, 750.8
-492.4, 415.6, 747.4
-484.6, 438.1, 756.6
-469.9, 446.4, 766.4
-479.7, 465.9, 736.6
-493.9, 489.3, 707.4
-492.9, 485.4, 718.1
-504.1, 463.4, 721.0
-503.6, 458.6, 741.5
-506.5, 430.3, 757.6
-521.7, 427.3, 756.6
-537.3, 426.4, 763.5
-539.7, 430.3, 783.5
-523.6, 455.2, 728.8
-527.5, 461.5, 748.3
-525.1, 455.6, 760.1
-515.3, 461.0, 756.6
-506.5, 461.0, 755.2
-491.4, 443.4, 765.4
-481.7, 430.8, 757.6
-480.7, 428.8, 760.5
-482.1, 433.2, 768.8
-492.4, 445.4, 751.3
-488.0, 443.0, 772.2
-492.9, 437.6, 762.5
-,-,-
-495.3, 443.0, 753.7
-487.0, 443.0, 744.0
-481.2, 444.9, 729.3
-489.0, 440.5, 708.8
-463.1, 437.1, 713.7
-458.2, 422.0, 732.7
-494.8, 432.7, 753.7
-489.5, 394.7, 761.0
-496.8, 420.0, 766.4
-509.0, 432.7, 730.8
-519.7, 439.1, 743.0
-521.2, 431.7, 733.2
-509.0, 442.0, 726.4
-499.2, 423.0, 721.5
-498.7, 425.9, 755.7
-535.8, 434.2, 764.4
-538.3, 443.9, 764.0
-539.2, 402.0, 760.5
-522.2, 389.3, 749.3
-495.3, 383.4, 745.9
-472.4, 346.4, 718.1
-478.2, 383.0, 786.4
-504.6, 414.2, 764.9
-487.0, 407.3, 740.0
-514.8, 405.9, 753.2
-527.5, 382.5, 765.9
-527.0, 420.5, 793.2
-503.6, 528.8, 769.8
-448.0, 505.4, 699.1
-487.5, 533.2, 741.0
-514.4, 514.2, 766.4
-538.8, 548.3, 812.2
-558.8, 550.8, 790.3
-515.8, 499.1, 714.7
-531.4, 490.3, 795.2
-508.5, 470.8, 779.6
-499.7, 479.1, 740.5
-511.9, 465.9, 744.0
-532.9, 457.1, 792.2
-526.1, 440.5, 789.8
-520.2, 422.0, 765.4
-530.0, 394.7, 756.6
-532.9, 366.9, 798.1
-489.5, 392.2, 768.3
-483.6, 399.5, 750.8
-467.5, 390.8, 780.1
-472.9, 396.6, 778.6
-468.5, 389.8, 757.6
-464.1, 369.8, 774.7
-469.5, 373.7, 801.0
-497.3, 368.8, 803.0
-478.7, 370.8, 765.9
-476.8, 391.7, 756.6
-450.4, 403.4, 766.4
-476.3, 386.4, 744.4
-487.0, 394.7, 777.6
-490.4, 416.1, 782.0
-472.4, 418.6, 779.1
-463.6, 418.1, 774.7
-456.8, 422.5, 784.0
-454.8, 415.1, 755.2
-470.4, 407.3, 777.1
-481.7, 402.5, 780.1
-490.9, 402.0, 781.5
-500.2, 383.4, 788.8
-508.5, 386.9, 787.4
-518.7, 381.5, 793.2
-539.7, 396.6, 793.7
-519.7, 419.5, 785.9
-498.7, 429.3, 777.1
-466.5, 408.8, 778.1
-440.7, 455.6, 736.6
-431.9, 453.7, 740.0
-433.3, 447.3, 749.8
-455.3, 466.4, 751.8
-468.5, 440.5, 735.2
-461.2, 464.4, 767.4
-444.1, 449.3, 779.6
-441.6, 450.8, 783.0
-423.1, 426.9, 755.7
-426.0, 385.4, 724.4
-524.1, 356.1, 824.0
-556.8, 373.2, 819.6
-544.1, 323.4, 767.9
-536.8, 438.1, 887.4
-527.0, 401.5, 816.2
-494.8, 378.6, 730.3
-486.5, 362.0, 833.2
-500.2, 380.0, 799.1
-512.9, 324.4, 747.4
-510.4, 426.4, 789.8
-461.2, 339.5, 721.0
-479.2, 425.4, 788.8
-485.1, 402.5, 803.0
-478.2, 433.2, 763.5
-443.1, 345.4, 743.0
-486.0, 361.5, 767.9
-536.8, 411.2, 854.7
-541.7, 366.4, 748.8
-536.8, 417.6, 788.8
-509.5, 423.0, 769.3
-492.4, 425.9, 767.4
-494.3, 429.3, 769.8
-512.9, 407.3, 751.3
-531.4, 378.6, 789.3
-530.5, 395.1, 784.9
-509.5, 392.7, 768.3
-497.8, 392.7, 768.3
-479.2, 409.3, 724.0
-493.9, 411.2, 759.1
-505.1, 417.1, 757.6
-482.1, 417.1, 748.8
-478.2, 416.1, 753.2
-464.1, 411.2, 748.8
-472.4, 427.8, 775.2
-466.5, 409.8, 790.8
-473.8, 400.0, 753.7
-512.4, 419.5, 751.3
-500.7, 464.4, 751.3
-490.0, 443.4, 746.9
-,-,-
-492.4, 457.1, 789.8
-477.3, 470.3, 765.9
-460.7, 454.7, 721.0
-479.2, 433.2, 757.6
-513.4, 440.5, 734.2
-526.6, 435.6, 728.8
-533.4, 374.7, 715.7
-562.7, 377.1, 818.6
-516.3, 381.5, 774.2
-495.8, 371.2, 764.4
-496.8, 390.3, 762.5
-507.5, 419.1, 762.0
-508.0, 437.6, 740.5
-497.3, 441.0, 723.5
-492.4, 450.8, 740.5
-479.7, 453.2, 731.3
-485.6, 455.2, 713.2
-500.2, 443.0, 744.4
-522.2, 427.3, 756.1
-523.1, 427.8, 755.2
-503.1, 427.8, 760.1
-477.3, 406.4, 748.3
-461.6, 388.3, 772.7
-480.2, 371.2, 779.1
-524.6, 382.5, 789.8
-522.6, 397.6, 768.8
-518.3, 408.3, 754.7
-523.1, 440.5, 745.9
-521.2, 427.3, 715.7
-503.1, 454.7, 747.4
-497.8, 442.0, 715.2
-502.6, 420.0, 699.6
-507.5, 432.7, 734.7
-532.9, 481.5, 758.6
-530.0, 448.3, 754.7
-506.1, 464.4, 765.9
-501.7, 436.6, 739.1
-490.9, 453.7, 759.1
-474.8, 409.3, 712.7
-489.0, 408.8, 718.1
-515.3, 418.6, 735.7
-526.1, 416.1, 792.7
-532.9, 389.8, 812.2
-531.4, 360.0, 798.6
-501.7, 418.1, 802.0
-468.5, 384.9, 734.2
-448.0, 464.9, 748.8
-461.2, 463.9, 721.5
-485.6, 434.7, 755.7
-522.6, 423.0, 767.9
-509.0, 440.0, 816.2
-496.8, 479.1, 805.4
-495.8, 480.0, 782.5
-477.3, 422.0, 782.5
-449.0, 463.9, 762.0
-408.9, 418.1, 698.6
-443.6, 401.0, 765.9
-496.3, 390.8, 797.1
-494.8, 396.1, 833.7
-462.6, 386.4, 813.7
-433.3, 406.9, 787.9
-451.4, 415.6, 763.0
-457.7, 431.2, 822.0
-473.8, 448.3, 784.4
-501.2, 499.5, 780.5
-487.0, 445.9, 761.5
-477.8, 454.7, 799.1
-487.0, 449.3, 793.2
-470.9, 457.6, 794.7
-470.4, 437.1, 773.2
-470.4, 410.8, 791.3
-495.3, 423.0, 796.2
-487.5, 432.7, 807.4
-469.0, 412.7, 791.8
-453.4, 392.7, 792.2
-454.8, 388.3, 796.2
-458.2, 368.8, 794.2
-480.2, 368.3, 803.5
-483.1, 377.6, 800.5
-469.5, 391.2, 786.4
-449.0, 388.3, 786.9
-479.7, 376.1, 785.9
-474.3, 362.5, 805.4
-476.8, 372.2, 803.5
-472.4, 363.0, 799.6
-469.5, 361.5, 814.2
-460.2, 367.3, 808.8
-471.9, 384.4, 784.0
-483.6, 386.9, 802.0
-490.4, 381.5, 811.3
-490.0, 407.3, 825.9
-429.9, 387.8, 755.7
-442.6, 434.7, 779.1
-442.1, 450.8, 777.6
-444.1, 459.5, 788.3
-419.2, 431.7, 793.2
-412.8, 467.8, 776.1
-420.2, 465.4, 759.1
-424.1, 447.8, 775.2
-429.4, 443.0, 771.3
-412.4, 429.3, 760.1
-409.9, 420.0, 767.9
-429.9, 396.1, 771.3
-443.1, 391.2, 786.9
-460.7, 384.9, 799.1
-466.5, 365.4, 821.5
-463.6, 369.8, 834.7
-488.5, 414.7, 803.0
-464.1, 404.9, 797.6
-452.9, 394.7, 785.9
-446.5, 359.5, 815.2
-482.1, 384.9, 781.0
-464.1, 402.5, 803.5
-486.0, 388.8, 774.2
-491.4, 454.7, 824.0
-483.1, 438.6, 799.6
-482.6, 471.3, 781.0
-443.6, 447.8, 795.7
-449.0, 423.0, 785.4
-483.6, 415.1, 832.3
-,-,-
-515.8, 415.1, 784.4
-530.0, 385.9, 800.5
-550.0, 414.2, 794.7
-547.5, 425.9, 807.4
-510.9, 359.0, 772.7
-495.3, 373.2, 814.2
-486.5, 398.1, 817.1
-475.8, 368.3, 813.2
-498.7, 340.5, 786.4
-535.3, 445.9, 756.6
-494.8, 354.2, 756.1
-533.4, 402.0, 826.4
-510.9, 363.0, 790.8
-500.7, 391.2, 817.1
-470.9, 387.8, 782.5
-431.9, 384.4, 737.6
-434.3, 396.1, 748.3
-450.4, 428.8, 754.7
-466.5, 414.7, 723.5
-444.6, 408.8, 763.0
-463.6, 414.7, 761.5
-454.3, 413.7, 773.7
-429.0, 368.8, 736.1
-442.1, 396.1, 766.9
-468.0, 435.2, 754.7
-472.9, 394.2, 740.5
-481.2, 451.7, 780.1
-447.0, 389.8, 768.8
-450.4, 409.3, 779.1
-439.2, 382.5, 751.8
-489.0, 410.3, 768.8
-497.3, 371.2, 766.9
-528.0, 350.3, 814.2
-566.1, 399.5, 817.1
-524.6, 400.0, 802.0
-479.7, 431.7, 776.6
-457.7, 431.2, 771.8
-469.9, 436.1, 767.9
-486.0, 459.1, 745.4
-502.2, 469.8, 737.1
-506.1, 470.3, 748.8
-493.4, 455.6, 765.9
-480.2, 447.3, 767.9
-487.0, 417.6, 769.3
-481.7, 406.4, 793.2
-483.1, 404.9, 773.7
-492.4, 380.5, 811.8
-501.7, 368.8, 800.1
-494.3, 376.6, 778.1
-486.0, 413.7, 750.8
-492.9, 423.9, 760.5
-480.7, 447.8, 777.1
-474.3, 453.2, 766.4
-457.3, 455.2, 747.4
-470.9, 416.6, 754.2
-468.5, 405.9, 773.7
-457.7, 410.8, 763.0
-460.2, 397.1, 742.0
-456.3, 386.9, 762.0
-480.2, 421.0, 794.7
-508.0, 465.4, 806.4
-485.1, 457.6, 757.1
-477.8, 440.5, 755.2
-484.6, 455.6, 769.3
-496.3, 466.9, 724.9
-514.8, 386.9, 725.9
-548.5, 442.0, 835.7
-526.6, 475.6, 798.6
-474.8, 430.3, 754.2
-495.8, 445.4, 782.5
-472.4, 402.5, 758.1
-444.6, 413.2, 722.0
-436.3, 477.6, 754.2
-425.0, 364.4, 752.7
-510.9, 467.3, 839.1
-500.7, 445.9, 789.8
-504.1, 458.1, 780.5
-484.1, 463.0, 782.5
-461.6, 491.3, 771.8
-474.3, 502.5, 744.9
-456.8, 498.6, 753.7
-447.0, 518.1, 754.7
-449.4, 456.6, 757.1
-459.7, 431.2, 758.1
-503.1, 439.5, 809.3
-507.0, 444.9, 801.0
-497.8, 431.7, 752.2
-502.2, 432.2, 772.2
-491.4, 439.5, 787.4
-510.0, 411.7, 795.7
-528.0, 416.1, 811.3
-496.8, 391.2, 794.2
-486.5, 401.5, 759.1
-499.2, 399.1, 820.1
-481.7, 406.4, 804.4
-449.9, 392.7, 785.9
-486.0, 444.4, 781.0
-489.0, 443.9, 751.3
-474.8, 423.9, 780.1
-476.8, 419.1, 785.4
-471.4, 395.6, 795.7
-459.2, 447.8, 784.4
-445.1, 422.5, 791.8
-429.0, 443.9, 798.6
-437.7, 454.7, 751.8
-430.4, 470.8, 764.9
-406.5, 439.5, 751.3
-423.1, 431.7, 753.7
-428.0, 424.9, 784.9
-438.2, 419.5, 798.1
-466.0, 373.7, 811.8
-465.1, 355.1, 809.8
-472.4, 354.2, 804.4
-480.2, 362.0, 783.5
-483.1, 347.3, 783.0
-489.5, 376.6, 822.0
-479.2, 380.5, 804.4
-471.9, 398.6, 818.6
-469.5, 386.9, 829.8
-466.0, 374.2, 793.7
-,-,-
-446.0, 430.8, 804.4
-448.5, 457.6, 796.6
-443.6, 456.6, 803.0
-438.2, 482.5, 796.2
-431.4, 473.7, 790.3
-419.7, 451.2, 767.9
-424.6, 410.3, 819.6
-450.9, 400.0, 822.0
-453.4, 385.4, 818.1
-426.5, 388.8, 785.4
-403.1, 384.9, 776.1
-401.1, 392.7, 778.1
-430.4, 403.0, 755.7
-425.0, 420.0, 742.5
-400.2, 434.7, 756.1
-384.1, 454.2, 759.6
-431.4, 435.2, 745.4
-459.2, 366.9, 856.2