-,-,-
-347.0, 550.8, 739.1
-435.8, 517.1, 826.4
-302.1, 448.3, 884.9
-350.9, 386.4, 804.4
-434.3, 367.3, 754.2
-426.0, 339.0, 775.2
-361.6, 384.9, 924.0
-441.2, 222.0, 784.0
-421.1, 252.7, 883.5
-361.6, 175.6, 844.4
-289.9, 142.4, 841.0
-338.7, 265.4, 801.0
-372.8, 299.5, 760.1
-387.5, 214.2, 700.0
-324.0, 221.0, 746.4
-336.2, 224.4, 737.1
-474.8, 340.0, 814.7
-517.8, 407.3, 856.2
-393.3, 359.5, 776.6
-303.0, 376.1, 731.8
-393.8, 446.9, 896.2
-323.1, 501.0, 781.0
-385.5, 572.2, 831.8
-366.5, 587.4, 915.2
-351.4, 570.3, 762.5
-330.4, 772.2, 850.8
-341.1, 724.9, 839.6
-328.4, 758.6, 759.6
-326.5, 833.2, 786.4
-359.2, 858.1, 786.9
-321.6, 756.6, 759.1
-293.3, 743.5, 766.9
-293.3, 745.9, 793.7
-249.4, 705.4, 742.0
-241.1, 689.8, 738.1
-261.6, 704.4, 785.9
-289.4, 612.2, 770.3
-280.1, 497.1, 722.5
-298.2, 580.0, 861.5
-308.4, 516.1, 792.7
-358.7, 530.8, 800.1
-414.8, 439.5, 922.5
-347.9, 413.2, 876.2
-424.6, 271.2, 848.8
-388.4, 314.7, 808.3
-418.2, 252.2, 795.7
-361.1, 311.7, 894.2
-374.8, 165.4, 866.4
-336.7, 196.6, 872.3
-340.1, 228.3, 801.5
-369.4, 242.0, 783.5
-373.8, 282.9, 773.2
-375.3, 320.0, 781.5
-388.0, 322.0, 784.0
-395.3, 336.1, 763.0
-324.5, 392.2, 751.8
-369.9, 522.5, 923.5
-408.9, 443.4, 749.8
-440.2, 508.8, 798.6
-355.3, 605.9, 849.3
-370.9, 656.1, 877.1
-402.1, 658.6, 816.2
-343.6, 732.2, 807.4
-298.2, 747.9, 764.4
-307.0, 808.3, 816.6
-309.4, 768.3, 802.5
-275.7, 713.2, 772.2
-221.1, 748.3, 799.1
-238.1, 683.5, 781.0
-230.3, 672.2, 757.1
-224.5, 655.2, 733.2
-225.9, 681.0, 770.3
-271.3, 631.7, 758.1
-337.7, 651.3, 791.3
-285.5, 573.7, 744.4
-286.0, 505.9, 698.6
-355.3, 435.2, 792.7
-397.7, 461.5, 855.2
-377.7, 430.8, 843.0
-343.6, 441.5, 860.1
-369.9, 324.4, 864.4
-362.6, 391.7, 919.1
-418.7, 236.1, 806.9
-384.1, 277.1, 887.4
-342.6, 190.3, 876.6
-304.5, 204.9, 877.1
-345.5, 234.2, 804.9
-452.9, 316.1, 726.4
-393.3, 332.2, 821.5
-352.3, 232.2, 730.3
-421.1, 321.5, 776.1
-530.5, 384.4, 840.1
-435.3, 392.7, 820.1
-385.0, 443.0, 886.9
-333.3, 355.6, 684.9
-399.2, 443.4, 785.9
-340.1, 502.5, 824.4
-414.8, 546.4, 832.3
-387.0, 610.8, 962.5
-372.8, 607.4, 857.6
-353.3, 675.7, 823.5
-330.9, 664.4, 831.3
-287.9, 745.9, 798.1
-310.9, 801.5, 784.4
-338.7, 832.3, 759.1
-340.6, 709.3, 710.8
-296.7, 751.8, 746.4
-269.4, 761.0, 766.9
-260.6, 731.3, 769.8
-241.1, 688.3, 738.1
-251.8, 689.3, 767.9
-288.4, 643.9, 735.2
-324.5, 597.1, 815.2
-286.0, 466.9, 788.3
-321.6, 498.6, 814.7
-353.3, 516.1, 774.2
-355.3, 607.8, 845.9
-422.1, 476.6, 865.9
-383.6, 470.3, 874.7
-382.1, 332.7, 723.0
-,-,-
-400.6, 429.8, 805.9
-449.0, 328.3, 674.7
-420.7, 434.2, 878.6
-417.2, 226.8, 779.1
-385.0, 194.2, 775.2
-395.3, 211.2, 841.5
-331.4, 237.6, 857.6
-286.9, 213.2, 828.3
-327.9, 195.6, 783.0
-370.4, 216.1, 774.2
-371.9, 266.8, 786.4
-366.5, 285.4, 797.1
-349.4, 328.3, 811.3
-326.5, 370.8, 847.9
-365.5, 368.8, 801.5
-412.4, 453.2, 859.1
-326.5, 439.5, 803.0
-405.0, 518.6, 892.3
-381.1, 550.8, 865.4
-321.1, 521.0, 803.0
-356.7, 744.9, 883.0
-339.6, 701.5, 783.0
-331.4, 854.7, 779.6
-321.1, 921.0, 787.9
-325.5, 912.7, 775.7
-349.9, 795.2, 722.5
-297.7, 794.7, 748.3
-261.6, 799.6, 789.3
-259.6, 729.3, 746.9
-231.8, 710.8, 705.4
-250.8, 701.0, 784.4
-284.5, 520.0, 804.0
-224.5, 534.7, 808.8
-273.8, 466.9, 772.7
-290.4, 566.9, 802.5
-348.9, 542.5, 804.9
-401.1, 484.4, 942.5
-378.2, 405.9, 841.5
-386.5, 278.6, 715.7
-355.3, 356.6, 762.0
-401.6, 378.1, 891.3
-366.0, 323.9, 878.6
-371.4, 228.8, 778.1
-402.1, 255.6, 858.1
-362.1, 262.9, 819.1
-321.1, 296.1, 860.1
-344.0, 238.1, 783.0
-366.0, 262.5, 754.7
-384.1, 294.7, 757.1
-386.0, 327.3, 777.6
-380.2, 364.4, 802.0
-351.8, 358.1, 807.4
-330.4, 360.0, 792.2
-383.6, 395.1, 773.7
-438.7, 492.2, 886.9
-392.4, 401.0, 766.9
-376.2, 503.0, 863.5
-396.3, 513.2, 784.4
-313.3, 622.5, 925.4
-275.2, 787.9, 914.2
-272.3, 732.2, 774.7
-275.2, 870.3, 839.1
-313.8, 868.8, 778.6
-322.1, 895.2, 773.7
-351.8, 795.2, 716.6
-302.6, 828.8, 754.7
-267.4, 800.5, 755.2
-254.2, 787.9, 741.0
-206.9, 709.8, 728.8
-255.2, 663.5, 784.4
-242.5, 489.3, 627.4
-205.0, 625.9, 848.3
-268.4, 481.5, 773.2
-274.3, 427.8, 688.3
-341.6, 354.2, 673.2
-388.9, 428.3, 856.2
-394.8, 318.6, 773.7
-398.7, 368.8, 807.4
-346.5, 369.3, 879.1
-354.8, 292.2, 850.3
-361.1, 267.3, 830.8
-380.2, 189.8, 769.3
-338.7, 276.1, 872.3
-315.2, 266.8, 844.9
-327.0, 262.9, 801.5
-356.7, 252.2, 752.7
-371.9, 288.3, 739.6
-375.3, 325.9, 762.0
-378.7, 335.1, 791.3
-378.2, 393.2, 838.6
-368.0, 430.8, 865.9
-333.8, 324.9, 766.9
-363.1, 446.4, 922.0
-372.8, 442.0, 904.0
-336.7, 496.6, 821.0
-334.8, 516.1, 879.6
-342.6, 629.8, 893.2
-313.8, 688.8, 827.4
-280.1, 651.8, 714.7
-277.7, 837.1, 840.5
-305.0, 831.8, 790.8
-264.0, 915.2, 788.8
-246.0, 918.1, 753.7
-241.6, 832.7, 695.2
-244.0, 836.2, 735.2
-216.7, 847.9, 748.3
-232.3, 766.9, 713.2
-263.0, 707.9, 737.6
-313.3, 632.2, 822.5
-274.7, 543.0, 758.6
-199.1, 416.1, 723.0
-261.6, 523.9, 851.8
-319.2, 476.6, 761.0
-369.9, 462.0, 910.3
-327.9, 486.4, 974.2
-362.1, 323.4, 785.4
-347.9, 342.5, 844.9
-323.5, 348.8, 885.9
-356.7, 214.2, 777.1
-369.4, 240.5, 872.3
-,-,-
-334.3, 144.4, 789.8
-290.4, 187.3, 842.0
-266.4, 235.1, 857.1
-317.7, 209.3, 777.6
-304.5, 241.5, 739.1
-366.0, 277.6, 746.4
-378.2, 326.4, 764.0
-333.8, 363.4, 779.1
-367.5, 428.3, 939.6
-325.0, 316.6, 750.3
-351.8, 456.1, 872.3
-327.0, 464.9, 858.6
-269.9, 603.9, 897.6
-276.7, 582.0, 756.6
-276.7, 744.4, 954.7
-324.0, 804.0, 872.7
-248.4, 906.4, 813.7
-245.5, 912.3, 798.1
-265.5, 914.2, 758.6
-311.3, 839.1, 733.2
-265.5, 854.2, 776.1
-233.3, 838.6, 786.9
-225.5, 787.9, 728.3
-214.2, 728.8, 743.5
-215.2, 713.2, 726.9
-234.7, 623.5, 667.8
-234.7, 749.3, 834.2
-307.0, 512.7, 917.1
-289.4, 468.3, 908.8
-301.6, 290.8, 740.0
-205.0, 409.8, 834.2
-326.5, 469.3, 954.7
-281.1, 353.2, 927.9
-325.5, 129.8, 828.3
-292.8, 22.9, 819.1
-125.9, 110.7, 895.2
-196.7, 233.7, 910.8
-253.8, 292.2, 876.2
-310.4, 272.2, 786.4
-434.3, 386.4, 679.6
-380.2, 410.8, 779.1
-378.2, 301.0, 724.9
-273.8, 294.2, 731.3
-440.7, 413.7, 855.2
-462.6, 447.8, 900.5
-398.2, 408.8, 928.8
-288.9, 322.0, 766.4
-260.1, 425.9, 778.6
-295.7, 521.0, 849.3
-315.7, 467.3, 802.5
-361.6, 505.9, 780.5
-315.2, 615.2, 788.3
-375.8, 751.3, 872.7
-327.0, 777.1, 842.0
-243.0, 813.7, 798.6
-253.3, 911.3, 784.0
-331.4, 938.1, 789.3
-313.8, 893.2, 801.0
-340.1, 835.7, 735.2
-279.1, 865.4, 790.8
-246.4, 797.6, 777.6
-228.4, 742.5, 757.6
-245.5, 683.0, 778.1
-293.8, 615.2, 838.6
-168.8, 450.8, 696.1
-195.7, 459.5, 774.7
-271.8, 426.9, 678.1
-306.0, 579.6, 846.9
-308.9, 549.8, 906.9
-332.3, 377.6, 797.6
-347.0, 321.0, 778.6
-332.3, 383.9, 788.3
-334.3, 310.8, 857.6
-345.0, 282.0, 857.1
-346.5, 196.6, 812.7
-310.9, 204.9, 863.0
-241.1, 273.7, 873.7
-256.2, 222.0, 811.3
-306.0, 223.4, 765.4
-348.4, 307.3, 740.5
-355.8, 349.8, 764.9
-364.5, 360.0, 761.5
-411.4, 417.6, 854.7
-313.3, 383.4, 801.0
-332.3, 419.5, 775.2
-393.3, 536.6, 920.5
-384.1, 445.9, 753.7
-362.1, 539.1, 878.6
-272.3, 664.4, 843.5
-302.6, 656.1, 825.4
-274.3, 742.0, 890.8
-267.9, 761.0, 816.2
-280.6, 790.3, 815.2
-305.5, 823.0, 808.8
-283.0, 825.9, 799.6
-277.7, 696.1, 756.6
-225.9, 740.5, 787.9
-191.3, 724.4, 800.5
-174.7, 688.8, 755.2
-176.2, 688.3, 719.1
-215.2, 695.7, 763.0
-212.3, 670.8, 763.5
-243.5, 629.8, 776.1
-211.3, 625.9, 734.2
-231.3, 558.6, 751.3
-281.6, 550.3, 734.7
-191.8, 426.4, 803.0
-253.3, 410.3, 815.2
-297.7, 441.5, 870.8
-306.0, 392.2, 895.2
-293.8, 356.6, 878.1
-304.5, 214.2, 817.6
-294.3, 206.4, 817.6
-262.5, 202.5, 880.1
-236.7, 201.0, 863.5
-196.7, 279.5, 932.3
-289.9, 258.6, 794.2
-297.2, 273.2, 804.9
-259.1, 276.1, 776.6
-342.1, 305.9, 757.6
-,-,-
-291.3, 435.2, 849.8
-320.1, 458.1, 893.2
-257.7, 423.9, 790.8
-265.5, 402.0, 741.5
-350.4, 504.9, 832.3
-319.2, 576.6, 921.0
-286.5, 605.4, 849.3
-220.6, 664.4, 879.1
-262.1, 754.2, 878.6
-284.0, 748.8, 850.8
-217.6, 852.7, 845.4
-206.4, 842.5, 820.5
-226.9, 824.0, 820.1
-218.6, 760.5, 765.9
-148.4, 772.7, 796.2
-157.1, 751.3, 752.2
-166.9, 721.5, 724.9
-171.3, 709.3, 720.5
-166.4, 715.2, 729.8
-197.6, 660.0, 695.7
-254.2, 618.6, 809.8
-225.5, 461.5, 751.8
-191.3, 481.0, 753.2
-277.2, 455.6, 720.5
-284.5, 480.0, 800.1
-309.9, 386.9, 819.1
-305.0, 342.9, 752.2
-276.7, 317.6, 802.0
-305.0, 365.4, 847.9
-336.7, 335.6, 866.4
-326.0, 226.4, 813.2
-309.4, 274.2, 885.4
-272.8, 265.9, 891.8
-310.4, 267.3, 813.7
-334.8, 280.0, 784.9
-361.1, 332.7, 792.2
-381.6, 348.8, 773.7
-411.9, 347.3, 780.1
-445.5, 390.3, 806.9
-412.4, 465.4, 890.8
-349.4, 383.9, 723.0
-389.4, 499.5, 876.2
-371.4, 534.2, 772.7
-329.4, 609.8, 810.3
-328.9, 664.9, 864.9
-327.9, 593.7, 691.8
-349.4, 768.3, 807.9
-388.9, 784.0, 787.4
-336.2, 791.3, 775.7
-371.9, 818.6, 758.6
-359.7, 854.7, 761.5
-320.6, 748.8, 733.2
-287.4, 763.0, 775.2
-286.0, 728.8, 748.3
-275.7, 689.8, 695.2
-286.5, 697.1, 720.0
-310.9, 672.7, 732.7
-347.0, 637.1, 751.3
-347.9, 604.4, 717.6
-350.4, 570.8, 761.0
-347.0, 520.0, 653.7
-355.8, 606.4, 925.4
-397.7, 336.1, 702.5
-444.6, 333.2, 723.5
-431.4, 304.9, 671.8
-437.2, 246.4, 702.5
-438.7, 304.9, 860.1
-425.5, 203.9, 824.0
-416.8, 163.4, 777.6
-385.5, 245.4, 813.2
-407.5, 257.6, 749.8
-457.7, 282.0, 731.8
-461.2, 343.4, 733.7
-456.3, 357.1, 734.2
-486.0, 352.7, 724.0
-453.4, 388.8, 762.0
-471.4, 345.9, 683.5
-573.4, 430.3, 684.9
-525.1, 531.7, 808.8
-457.7, 569.8, 703.9
-429.0, 668.3, 753.2
-386.5, 653.2, 711.8
-409.9, 750.8, 764.4
-426.5, 781.5, 766.9
-403.6, 768.8, 739.1
-397.7, 841.5, 762.5
-399.2, 806.4, 717.6
-389.9, 722.0, 691.3
-391.9, 731.8, 702.5
-353.8, 710.3, 695.7
-344.5, 724.0, 711.3
-339.2, 712.7, 696.1
-369.9, 658.6, 666.4
-398.2, 675.7, 699.6
-415.3, 624.4, 663.9
-449.4, 559.5, 663.0
-455.8, 563.9, 685.4
-519.2, 456.6, 652.7
-479.7, 517.1, 810.8
-467.0, 295.1, 732.2
-510.9, 350.3, 719.1
-507.0, 417.1, 769.8
-547.5, 295.1, 755.7
-507.0, 285.4, 788.3
-494.8, 216.6, 777.1
-489.0, 248.8, 779.1
-471.4, 268.8, 750.3
-551.9, 309.3, 696.1
-567.1, 335.1, 690.8
-547.5, 389.8, 691.3
-556.8, 441.5, 696.1
-541.7, 434.7, 686.9
-530.9, 460.0, 725.4
-585.6, 463.0, 684.9
-532.9, 487.3, 707.9
-483.6, 573.2, 803.5
-500.7, 662.5, 766.4
-495.3, 587.8, 665.4
-445.5, 677.6, 707.4
-437.2, 726.9, 731.3
-,-,-
-433.8, 733.7, 749.3
-417.7, 790.3, 725.9
-424.6, 772.2, 695.7
-429.9, 764.9, 692.2
-443.6, 713.2, 673.7
-401.6, 753.7, 707.4
-346.0, 648.8, 680.5
-358.2, 680.5, 707.9
-364.5, 683.9, 690.8
-347.9, 689.8, 685.4
-401.6, 641.0, 662.0
-430.9, 607.4, 678.1
-449.9, 562.5, 690.3
-451.9, 503.9, 696.6
-434.8, 445.4, 725.9
-468.5, 504.9, 720.0
-478.2, 499.5, 787.4
-525.1, 459.1, 721.5
-545.6, 477.1, 761.5
-557.3, 365.4, 658.1
-538.3, 389.3, 737.6
-574.9, 329.3, 717.1
-525.6, 251.2, 710.3
-503.1, 245.9, 714.2
-477.3, 318.6, 774.2
-502.2, 305.4, 725.9
-510.0, 323.4, 700.5
-507.0, 357.6, 715.2
-506.1, 369.3, 723.5
-496.8, 360.0, 742.5
-470.4, 326.4, 728.3
-435.8, 345.4, 766.9
-449.0, 384.9, 743.0
-467.0, 554.2, 878.1
-586.1, 528.3, 728.8
-399.7, 705.4, 854.7
-383.1, 583.9, 637.1
-424.1, 718.1, 800.1
-459.7, 804.4, 798.6
-426.0, 816.2, 740.5
-447.5, 819.1, 733.2
-431.9, 805.4, 724.0
-388.0, 730.3, 713.2
-324.0, 710.3, 754.7
-296.7, 678.6, 747.4
-297.7, 662.5, 724.0
-309.4, 658.6, 691.3
-317.7, 663.0, 698.1
-331.8, 623.0, 716.1
-367.5, 644.4, 717.1
-379.2, 625.4, 670.3
-386.0, 580.5, 616.1
-542.7, 575.6, 931.8
-554.4, 392.7, 801.5
-465.1, 429.8, 790.8
-494.3, 480.5, 897.6
-503.1, 353.7, 703.9
-505.6, 372.2, 814.2
-524.6, 297.6, 722.5
-503.6, 224.9, 742.5
-471.4, 251.7, 768.3
-454.3, 219.5, 738.6
-407.0, 202.0, 656.6
-459.7, 283.9, 695.2
-488.0, 348.3, 698.1
-480.7, 276.6, 622.5
-409.4, 263.9, 771.8
-468.0, 338.6, 687.9
-451.4, 344.9, 770.3
-469.9, 369.8, 782.5
-514.4, 446.4, 788.8
-405.0, 435.6, 715.2
-467.0, 484.4, 796.2
-457.3, 574.7, 791.3
-419.7, 658.6, 825.4
-398.7, 664.4, 770.3
-401.6, 732.7, 824.4
-415.8, 780.5, 750.8
-403.6, 859.6, 789.8
-408.0, 885.4, 768.8
-394.8, 799.1, 706.4
-362.1, 820.1, 731.3
-344.5, 808.3, 731.3
-345.5, 765.9, 717.1
-357.7, 744.9, 738.1
-341.1, 663.9, 638.6
-341.1, 691.3, 689.8
-365.0, 643.9, 751.8
-334.8, 551.3, 728.3
-395.3, 487.8, 654.7
-455.3, 516.6, 685.9
-472.9, 505.9, 863.5
-444.6, 441.5, 808.8
-450.4, 317.6, 756.6
-435.8, 400.0, 817.1
-480.7, 344.4, 800.5
-480.7, 284.9, 797.1
-491.4, 246.4, 830.8
-441.6, 188.3, 796.6
-388.9, 235.6, 811.3
-383.6, 310.3, 776.6
-458.7, 311.2, 755.2
-478.2, 320.0, 681.0
-490.4, 223.4, 663.9
-501.2, 103.9, 708.3
-457.7, 369.3, 777.6
-448.0, 186.4, 679.6
-464.6, 426.9, 858.1
-414.8, 402.5, 814.7
-382.6, 433.7, 823.5
-385.5, 532.2, 808.8
-443.1, 588.8, 825.9
-402.6, 649.8, 815.7
-378.2, 745.9, 891.8
-408.0, 786.9, 734.7
-405.5, 846.4, 719.6
-425.5, 812.7, 680.5
-439.2, 923.5, 755.7
-409.4, 795.7, 716.1
-367.5, 804.0, 718.1
-,-,-
-323.1, 791.8, 749.8
-307.0, 779.1, 744.0
-303.5, 745.9, 722.5
-293.8, 714.2, 769.8
-278.2, 629.8, 734.2
-345.5, 488.8, 787.4
-372.8, 478.1, 762.0
-285.5, 552.2, 668.3
-379.7, 568.8, 873.7
-391.9, 495.6, 713.7
-407.5, 391.2, 741.5
-414.3, 503.4, 888.4
-500.7, 362.5, 713.7
-521.2, 423.9, 772.2
-493.4, 342.0, 757.1
-490.4, 332.2, 890.8
-481.7, 214.2, 794.2
-440.7, 231.2, 852.7
-417.7, 231.7, 829.3
-390.4, 270.3, 809.8
-439.7, 297.1, 748.3
-417.2, 262.0, 718.1
-370.4, 279.0, 717.6
-455.8, 313.7, 698.1
-465.6, 383.4, 736.1
-361.6, 336.1, 783.0
-314.3, 360.5, 693.7
-450.4, 480.0, 827.9
-456.8, 506.9, 819.1
-383.1, 483.4, 747.9
-403.6, 572.2, 808.8
-377.7, 538.6, 714.2
-393.3, 583.9, 694.7
-399.2, 743.5, 816.2
-365.5, 756.1, 783.0
-323.1, 853.7, 795.7
-356.7, 824.9, 760.1
-316.7, 845.9, 782.0
-324.5, 792.2, 752.2
-298.7, 799.6, 776.1
-296.2, 784.4, 757.1
-317.7, 761.5, 756.1
-308.4, 752.7, 705.9
-306.5, 761.0, 744.4
-321.1, 548.3, 686.9
-329.4, 599.1, 825.9
-360.6, 530.3, 795.7
-314.3, 542.0, 651.8
-407.0, 458.6, 776.6
-411.4, 565.9, 905.4
-380.2, 411.2, 827.9
-423.1, 328.3, 762.5
-406.0, 311.7, 756.1
-438.2, 298.1, 822.0
-472.4, 258.6, 851.8
-388.4, 260.0, 839.1
-355.3, 189.3, 826.4
-339.6, 262.5, 838.1
-363.1, 236.6, 787.9
-386.0, 235.6, 724.4
-413.3, 263.9, 723.0
-430.4, 303.4, 707.4
-367.5, 301.0, 732.2
-347.0, 348.3, 786.9
-321.6, 444.4, 851.8
-367.0, 330.3, 663.0
-478.7, 518.1, 862.5
-471.9, 510.8, 895.7
-389.9, 506.4, 774.7
-397.7, 503.4, 730.8
-370.4, 589.8, 817.6
-376.7, 732.2, 897.6
-324.5, 756.6, 770.8
-295.2, 785.4, 798.1
-295.2, 843.5, 889.8
-343.6, 853.2, 766.4
-319.6, 862.5, 784.0
-301.6, 731.8, 716.1
-286.5, 758.6, 759.1
-261.6, 765.9, 773.2
-237.2, 754.2, 753.2
-252.8, 724.0, 690.3
-256.2, 683.9, 710.3
-289.9, 612.7, 760.5
-289.9, 522.0, 765.9
-205.9, 508.3, 750.3
-303.5, 383.0, 735.2
-305.0, 563.0, 786.4
-341.6, 383.4, 682.0
-399.2, 557.6, 922.5
-387.5, 355.6, 738.1
-409.9, 339.0, 743.5
-398.2, 388.8, 825.4
-390.9, 312.7, 825.4
-425.5, 284.4, 836.2
-406.5, 262.0, 835.7
-382.1, 212.7, 780.5
-361.1, 287.8, 843.0
-347.5, 279.0, 784.9
-360.6, 255.6, 738.1
-380.2, 295.6, 717.6
-380.2, 351.2, 761.0
-388.4, 346.4, 763.5
-408.5, 350.3, 771.8
-351.4, 379.0, 789.3
-302.1, 393.2, 768.3
-396.7, 506.9, 887.9
-370.4, 450.8, 829.8
-359.7, 486.4, 821.5
-341.6, 612.2, 856.2
-355.8, 692.2, 903.5
-296.7, 675.2, 791.3
-266.9, 773.7, 797.6
-294.8, 810.3, 851.3
-235.7, 906.9, 784.0
-299.6, 878.6, 778.1
-296.2, 760.5, 739.6
-267.4, 806.4, 757.1
-231.8, 765.9, 746.9
-229.4, 753.7, 740.5
-,-,-
-217.6, 717.6, 721.5
-246.4, 704.4, 768.8
-234.2, 590.8, 683.9
-246.9, 550.3, 766.9
-233.3, 603.5, 826.4
-274.7, 442.5, 683.5
-302.1, 588.3, 830.8
-350.9, 449.8, 806.9
-357.7, 295.6, 683.9
-323.5, 404.4, 774.7
-366.0, 421.0, 783.5
-371.4, 394.2, 866.4
-403.6, 286.4, 759.1
-397.2, 259.5, 839.1
-364.0, 267.3, 864.4
-352.8, 204.4, 845.9
-342.1, 203.4, 835.7
-300.1, 224.4, 787.9
-354.3, 249.3, 771.8
-383.1, 303.4, 779.6
-287.4, 276.1, 776.1
-438.2, 317.1, 786.4
-440.2, 360.5, 812.2
-373.8, 366.9, 790.3
-327.9, 413.2, 788.8
-387.5, 380.5, 783.0
-340.6, 518.6, 741.5
-341.1, 584.4, 824.4
-349.4, 613.7, 824.0
-328.9, 718.6, 855.7
-338.2, 757.1, 855.2
-319.2, 822.5, 862.5
-272.3, 861.0, 814.2
-269.4, 831.3, 757.6
-277.2, 870.3, 780.5
-269.9, 795.2, 757.1
-240.6, 769.3, 770.8
-206.4, 746.9, 785.9
-212.8, 716.6, 767.9
-215.2, 657.6, 708.8
-209.4, 659.1, 742.5
-239.1, 604.4, 759.1
-253.8, 573.2, 787.9
-253.3, 528.3, 731.8
-302.6, 490.3, 682.5
-325.5, 519.1, 784.4
-289.4, 439.5, 787.9
-364.0, 345.9, 728.8
-401.6, 430.8, 759.1
-388.9, 382.0, 813.7
-400.6, 457.1, 887.9
-426.0, 286.8, 825.9
-397.7, 279.5, 847.9
-392.8, 158.1, 762.5
-303.5, 307.3, 888.4
-348.4, 282.5, 814.7
-370.4, 296.1, 811.3
-403.1, 223.4, 728.8
-221.6, 200.5, 726.9
-340.1, 267.3, 745.4
-493.9, 385.4, 805.4
-428.5, 396.6, 788.8
-381.1, 382.0, 835.7
-358.2, 294.7, 673.2
-383.6, 488.8, 843.5
-364.0, 573.7, 844.4
-409.4, 540.0, 807.9
-376.2, 581.0, 811.3
-375.8, 678.6, 836.2
-358.2, 765.4, 869.3
-316.2, 736.1, 840.1
-299.6, 756.6, 839.6
-308.9, 810.3, 784.9
-290.8, 857.6, 810.3
-290.8, 740.0, 729.3
-266.0, 779.1, 753.7
-250.8, 780.5, 778.1
-225.9, 757.1, 750.3
-220.1, 714.7, 708.8
-218.6, 687.9, 660.5
-252.8, 706.9, 736.6
-292.3, 630.8, 775.2
-190.3, 528.8, 775.2
-283.5, 407.8, 707.9
-319.2, 538.6, 786.4
-399.7, 423.9, 686.4
-409.9, 474.7, 891.3
-343.6, 436.1, 925.4
-357.7, 288.8, 816.2
-371.9, 315.6, 853.7
-413.8, 333.2, 832.3
-376.7, 239.5, 885.9
-336.2, 148.3, 832.3
-278.2, 228.3, 861.0
-305.0, 214.2, 808.3
-346.0, 243.9, 789.8
-370.9, 271.2, 778.1
-360.6, 295.6, 773.2
-355.8, 326.4, 772.2
-378.2, 330.8, 753.7
-341.6, 388.8, 778.6
-399.2, 496.6, 837.1
-408.9, 473.7, 746.9
-389.4, 542.0, 806.4
-347.5, 596.6, 860.5
-338.2, 675.7, 837.6
-335.7, 789.3, 886.9
-296.7, 755.7, 798.1
-273.3, 820.1, 844.9
-315.7, 835.7, 821.5
-307.0, 727.4, 759.6
-257.7, 750.8, 781.0
-234.2, 745.4, 792.2
-211.8, 742.5, 792.7
-182.0, 705.4, 754.7
-186.9, 658.1, 731.8
-239.6, 697.1, 766.9
-248.9, 609.3, 739.6
-216.7, 520.0, 709.3
-214.2, 548.3, 696.1
-,-,-
-304.5, 496.6, 807.4
-368.0, 495.6, 831.8
-331.4, 370.8, 783.0
-317.7, 374.2, 872.3
-359.7, 349.3, 831.8
-326.0, 325.4, 803.0
-391.4, 263.4, 941.5
-323.5, 189.8, 879.6
-256.2, 155.6, 854.2
-292.8, 215.6, 847.9
-365.5, 195.1, 793.2
-285.0, 196.1, 751.3
-296.7, 280.0, 781.0
-395.8, 321.0, 813.7
-389.4, 304.9, 746.9
-305.0, 392.2, 779.1
-310.4, 528.3, 885.4
-302.1, 578.1, 919.1
-307.4, 574.2, 782.5
-319.6, 594.2, 815.7
-294.8, 787.4, 926.9
-314.8, 767.9, 831.8
-247.9, 792.2, 825.9
-252.3, 819.6, 816.2
-267.4, 836.2, 816.6
-244.5, 699.1, 781.5
-215.7, 710.8, 814.2
-156.6, 677.1, 811.8
-158.6, 652.2, 802.0
-158.1, 658.1, 792.2
-161.5, 680.5, 760.5
-210.8, 709.8, 769.3
-257.7, 675.7, 776.6
-274.3, 648.3, 776.1
-235.7, 551.3, 843.0
-214.7, 471.3, 858.1
-237.7, 403.9, 744.0
-508.0, 132.2, 585.9
-157.1, 491.7, 1051.3
-430.4, 59.0, 796.2
-261.6, 160.0, 913.2
-272.8, 33.7, 849.8
-265.0, 338.1, 910.3
-318.2, 210.3, 879.1
-284.0, 255.1, 807.4
-343.6, 248.8, 746.4
-348.9, 385.4, 799.6
-422.1, 389.8, 812.2
-353.8, 431.2, 836.2
-320.6, 372.2, 768.8
-303.5, 400.0, 795.2
-348.9, 450.3, 852.7
-373.3, 434.7, 769.3
-403.6, 484.9, 838.6
-403.1, 595.6, 961.5
-270.4, 593.7, 866.9
-313.3, 677.1, 915.7
-318.2, 683.5, 835.7
-263.5, 731.8, 865.4
-255.2, 740.0, 812.2
-287.4, 770.8, 837.6
-258.6, 829.3, 837.6
-250.8, 686.4, 774.7
-214.2, 736.6, 788.3
-191.3, 703.9, 782.5
-189.8, 677.1, 748.3
-189.8, 681.5, 759.6
-202.0, 656.1, 738.6
-189.8, 623.5, 726.4
-238.6, 638.6, 777.1
-233.3, 636.1, 714.7
-223.0, 610.3, 695.7
-289.4, 552.2, 726.4
-335.3, 649.3, 906.4
-346.5, 423.9, 953.7
-335.7, 370.8, 790.8
-336.2, 281.0, 775.7
-332.3, 393.7, 853.2
-348.9, 275.6, 827.4
-301.1, 305.4, 924.5
-304.0, 197.1, 825.9
-344.0, 102.4, 756.6
-201.5, 321.0, 884.4
-242.5, 207.3, 767.4
-303.0, 196.1, 737.1
-290.8, 260.0, 772.7
-351.4, 282.0, 771.3
-359.7, 368.3, 856.2
-272.8, 325.4, 762.0
-278.6, 411.2, 841.0
-371.9, 502.0, 998.6
-401.6, 502.5, 873.7
-388.4, 492.7, 762.5
-332.8, 642.0, 877.1
-352.3, 732.2, 860.5
-341.1, 783.5, 864.0
-251.3, 734.7, 748.3
-232.3, 860.5, 824.0
-266.4, 894.7, 795.2
-257.7, 911.3, 814.2
-239.1, 754.7, 757.1
-192.8, 775.7, 798.1
-185.9, 748.3, 795.7
-186.4, 708.8, 770.8
-185.9, 702.5, 796.2
-190.8, 652.7, 776.1
-191.8, 570.3, 759.6
-259.1, 524.4, 835.2
-177.6, 557.1, 833.2
-218.6, 386.4, 748.8
-265.5, 513.2, 772.7
-345.0, 540.0, 944.5
-346.5, 518.1, 913.2
-322.1, 372.7, 791.3
-349.4, 323.4, 772.7
-371.9, 378.1, 808.3
-330.4, 294.7, 758.1
-324.0, 352.7, 886.9
-338.7, 197.6, 799.1
-261.1, 211.2, 866.9
-,-,-
-277.7, 230.7, 832.3
-281.6, 209.8, 806.9
-314.3, 250.3, 795.7
-395.3, 293.7, 819.1
-356.7, 321.0, 817.1
-320.1, 336.1, 860.1
-296.7, 328.8, 780.5
-311.3, 420.0, 896.2
-383.1, 479.1, 924.0
-378.7, 440.0, 812.7
-327.4, 523.4, 779.1
-341.6, 672.7, 844.4
-342.1, 693.7, 854.2
-213.7, 721.0, 761.5
-198.6, 831.3, 829.3
-248.9, 849.3, 788.3
-257.7, 878.6, 748.8
-265.5, 949.3, 779.6
-284.5, 777.6, 711.8
-224.0, 790.8, 767.4
-179.6, 766.9, 793.2
-166.4, 726.9, 788.3
-157.1, 699.1, 791.3
-170.3, 668.3, 818.1
-202.0, 570.3, 772.7
-225.9, 488.8, 780.1
-222.0, 503.9, 798.6
-221.6, 480.0, 791.3
-274.3, 490.3, 750.8
-309.9, 529.8, 869.3
-342.6, 481.0, 861.0
-313.8, 403.9, 829.8
-317.2, 372.7, 836.6
-337.7, 308.8, 731.3
-347.9, 422.5, 881.0
-363.6, 295.6, 735.7
-349.9, 358.1, 917.6
-286.0, 229.3, 840.1
-254.2, 294.2, 878.6
-253.8, 262.5, 843.0
-283.0, 286.8, 825.4
-306.5, 295.1, 820.1
-295.7, 272.2, 807.9
-284.0, 278.6, 805.4
-282.1, 287.8, 822.0
-237.7, 350.3, 834.2
-245.0, 410.8, 824.9
-346.0, 469.3, 844.9
-301.6, 513.2, 879.6
-235.7, 518.6, 769.8
-299.6, 798.6, 1013.2
-310.9, 690.8, 765.4
-255.2, 790.3, 772.7
-267.4, 954.7, 825.9
-312.3, 919.1, 703.9
-301.6, 967.4, 754.7
-260.6, 871.3, 713.7
-205.9, 830.3, 753.7
-187.9, 807.4, 780.1
-165.9, 768.8, 771.8
-144.0, 721.5, 747.9
-182.5, 654.2, 762.0
-206.9, 529.8, 708.8
-234.7, 539.1, 800.1
-181.0, 525.9, 795.2
-233.8, 550.3, 737.1
-298.7, 537.1, 757.1
-330.9, 528.3, 957.1
-281.6, 476.6, 822.5
-294.8, 405.4, 846.4
-303.0, 392.7, 781.5
-386.5, 432.7, 910.3
-436.3, 287.8, 740.5
-275.2, 301.5, 968.8
-317.2, 166.8, 851.3
-269.9, 298.6, 842.0
-282.1, 338.1, 844.0
-314.3, 327.3, 794.7
-327.9, 212.7, 744.0
-231.3, 191.7, 748.3
-265.5, 220.5, 770.8
-416.3, 317.6, 770.3
-454.8, 384.4, 853.7
-306.5, 368.8, 809.8
-318.2, 443.4, 879.1
-324.0, 546.9, 866.9
-316.2, 583.9, 897.1
-362.6, 575.2, 832.7
-247.9, 626.4, 744.9
-272.8, 752.2, 849.3
-324.5, 844.9, 896.2
-308.4, 780.1, 730.8
-261.1, 828.8, 747.4
-311.3, 941.5, 820.5
-284.0, 801.0, 731.3
-252.8, 798.1, 775.2
-227.9, 765.9, 753.2
-204.5, 768.8, 761.5
-210.8, 703.9, 765.4
-192.3, 701.5, 745.4
-198.1, 626.9, 742.5
-242.0, 648.3, 785.9
-246.9, 626.4, 728.3
-280.1, 624.9, 835.2
-331.4, 441.0, 828.8
-289.4, 492.2, 912.3
-283.0, 333.7, 780.5
-336.7, 377.6, 792.2
-381.1, 310.8, 792.2
-484.6, 209.3, 772.7
-185.9, 343.9, 1056.7
-248.9, 50.2, 849.8
-244.0, 354.7, 892.7
-296.2, 239.0, 842.5
-273.8, 193.2, 752.7
-273.3, 168.8, 707.9
-332.3, 248.8, 741.0
-358.7, 363.9, 796.6
-380.2, 413.7, 824.4
-272.8, 419.1, 803.0
-,-,-
-247.4, 365.4, 748.3
-353.8, 564.4, 841.0
-357.7, 553.2, 793.2
-319.6, 577.6, 769.3
-286.9, 709.8, 884.0
-292.8, 701.0, 800.1
-316.7, 774.7, 851.3
-270.8, 796.6, 794.7
-272.3, 862.0, 838.1
-271.8, 874.2, 802.5
-205.9, 787.4, 755.7
-187.4, 778.6, 783.5
-179.1, 766.9, 771.3
-191.8, 711.3, 759.1
-164.0, 688.8, 719.6
-180.1, 687.9, 716.6
-190.3, 651.3, 689.8
-212.3, 653.2, 754.7
-248.9, 556.6, 805.9
-252.8, 493.7, 840.5
-293.3, 452.7, 817.6
-317.2, 508.3, 814.2
-357.2, 369.3, 783.0
-306.0, 422.5, 838.1
-298.2, 340.0, 813.7
-299.1, 348.3, 840.5
-325.5, 317.1, 875.7
-367.0, 220.5, 769.8
-257.7, 283.4, 923.5
-258.2, 321.0, 871.8
-265.5, 287.3, 824.0
-281.1, 290.8, 791.8
-334.8, 289.3, 760.5
-259.1, 257.6, 784.0
-295.7, 330.8, 782.0
-402.1, 359.0, 794.7
-332.3, 426.4, 831.8
-313.3, 391.7, 758.1
-316.2, 428.8, 768.3
-297.2, 571.7, 795.7