-,-,-
915.0, 31.2, -376.6
913.5, 32.7, -372.7
914.0, 35.1, -368.3
916.0, 40.5, -370.3
911.6, 40.0, -371.2
910.6, 36.1, -364.4
917.4, 33.7, -363.9
916.5, 38.5, -361.5
918.4, 35.6, -353.7
922.3, 32.7, -352.2
932.6, 33.7, -349.3
932.1, 32.7, -352.2
924.8, 31.2, -353.2
924.3, 27.8, -353.7
927.2, 24.4, -351.2
929.2, 26.3, -355.1
926.7, 24.9, -354.2
926.7, 22.9, -354.7
924.8, 21.5, -360.0
924.8, 24.4, -363.9
916.0, 27.8, -361.5
916.5, 27.3, -359.5
911.6, 33.2, -363.9
916.0, 36.1, -364.4
916.0, 40.0, -358.1
915.5, 39.0, -355.6
920.4, 33.2, -361.5
922.3, 36.6, -361.0
918.9, 30.7, -360.0
924.3, 29.8, -363.4
921.8, 29.8, -364.9
919.4, 28.3, -360.5
923.3, 31.7, -362.0
918.9, 30.7, -357.6
922.3, 33.2, -354.7
923.3, 34.1, -356.6
918.4, 37.1, -357.6
917.9, 37.6, -357.1
911.1, 37.6, -365.4
911.6, 34.1, -364.9
912.6, 31.7, -364.4
913.5, 29.3, -367.8
918.9, 31.2, -368.3
917.4, 32.2, -366.9
912.6, 36.6, -367.3
916.5, 38.1, -365.4
912.1, 35.1, -363.9
912.6, 38.5, -362.5
913.5, 40.0, -363.4
917.9, 36.1, -363.0
917.9, 36.1, -362.5
917.0, 33.7, -364.4
916.5, 35.6, -364.4
919.9, 32.2, -361.5
921.3, 30.7, -358.1
926.7, 29.3, -361.0
925.7, 22.9, -358.1
927.2, 25.9, -357.1
927.2, 26.8, -355.6
922.3, 31.2, -357.1
918.4, 31.7, -359.0
917.0, 34.6, -364.4
913.5, 40.0, -366.4
907.7, 42.4, -366.4
907.2, 44.4, -367.8
907.2, 41.5, -367.3
918.4, 35.1, -356.6
917.9, 31.2, -354.2
929.6, 23.4, -347.8
937.0, 11.7, -349.8
947.7, 12.2, -344.9
953.1, 15.1, -349.3
939.4, 5.4, -346.4
933.5, 1.5, -349.8
926.2, 21.0, -357.1
901.3, 39.0, -366.9
908.2, 53.2, -346.9
891.1, 60.0, -356.6
898.9, 78.1, -352.2
891.1, 83.4, -349.8
891.1, 80.5, -353.7
897.4, 85.9, -366.9
900.8, 76.6, -358.6
919.4, 60.5, -352.2
907.2, 38.5, -368.8
905.7, 59.5, -389.8
892.1, 54.6, -381.0
894.5, 0.0, -382.5
904.3, 42.9, -378.1
900.4, 27.8, -373.2
917.0, 49.8, -346.9
900.8, 18.0, -359.5
922.8, 50.2, -332.2
944.8, 46.8, -336.6
935.0, 41.0, -323.4
939.4, 34.6, -330.8
954.0, -6.3, -342.0
954.5, 3.9, -335.1
950.6, -5.4, -361.0
942.3, -5.4, -363.0
934.5, -5.4, -364.4
921.8, 14.6, -362.5
928.7, 14.1, -343.4
963.3, 8.3, -316.6
981.9, -6.8, -313.7
1003.8, -35.1, -306.4
1019.9, -52.7, -313.7
1013.1, -56.1, -314.7
1008.2, -56.6, -315.6
984.8, -55.6, -327.8
970.6, -46.3, -341.5
941.8, -30.7, -346.9
902.3, 19.0, -362.0
896.5, 56.1, -366.9
890.1, 81.5, -371.2
897.4, 87.3, -360.0
896.0, 91.7, -355.6
885.2, 83.4, -357.6
895.5, 57.1, -375.1
892.6, 52.2, -397.1
-,-,-
894.5, 55.1, -399.1
903.8, 27.3, -414.7
902.3, -24.9, -426.4
900.8, -32.2, -432.2
899.9, -47.8, -440.5
891.6, -42.0, -447.3
884.7, -67.8, -434.7
882.3, -71.2, -453.2
886.2, -60.5, -435.6
880.4, -36.6, -455.6
865.7, 3.9, -428.3
886.7, -18.0, -427.8
883.3, 19.0, -375.6
879.4, 18.5, -436.1
885.7, 25.4, -424.4
891.1, 59.5, -408.3
890.6, 70.2, -401.0
893.0, 63.9, -433.2
889.1, 65.4, -428.8
892.1, 60.0, -420.0
851.6, 67.8, -435.6
876.4, 94.2, -460.5
847.7, 118.1, -447.3
822.8, 132.7, -451.7
820.8, 153.2, -423.9
827.6, 134.6, -431.7
851.6, 119.5, -444.9
861.8, 92.7, -433.2
874.5, 75.6, -424.4
901.3, 54.1, -416.1
901.8, 57.1, -408.3
899.4, 50.7, -405.4
890.1, 52.7, -393.7
897.4, 64.9, -383.4
897.4, 67.8, -390.8
886.7, 70.7, -389.8
892.6, 63.9, -394.2
881.8, 42.0, -392.7
889.6, -12.2, -414.7
905.2, -50.7, -453.2
905.2, -60.5, -468.8
899.4, -90.2, -474.2
884.7, -79.0, -496.6
868.6, -61.0, -495.6
851.1, -85.4, -517.1
850.6, -58.1, -504.4
839.8, -39.0, -499.1
832.5, -17.6, -501.5
839.4, 8.8, -486.4
823.3, 25.4, -491.3
831.6, 41.0, -476.1
828.1, 42.4, -474.7
835.9, 60.0, -458.1
841.3, 52.2, -461.0
857.9, 64.4, -453.2
873.0, 45.9, -453.2
893.5, 55.1, -432.7
893.0, 53.7, -422.5
890.1, 28.8, -426.9
898.4, 43.9, -426.9
884.7, 39.5, -436.6
880.4, 73.2, -437.6
879.9, 17.1, -428.8
875.0, 60.0, -432.7
864.2, 50.7, -432.7
877.9, 55.6, -441.0
858.9, 33.2, -465.9
885.2, 15.6, -464.9
870.1, 32.2, -453.7
879.9, 19.5, -455.6
899.9, 36.6, -440.0
896.0, 12.2, -425.9
897.9, 10.7, -432.2
914.0, -32.7, -422.5
903.3, -12.7, -434.2
897.9, 2.0, -451.2
890.6, 5.4, -453.2
886.7, 3.4, -461.0
887.7, -1.0, -452.2
884.3, -3.4, -443.9
895.5, -1.0, -452.2
899.9, -7.3, -458.1
897.4, -2.9, -456.1
897.9, -3.4, -454.2
906.7, -13.2, -456.6
914.0, -26.8, -450.8
917.9, -35.1, -451.7
916.5, -46.3, -456.6
916.0, -61.0, -457.1
900.8, -64.9, -462.0
892.1, -69.8, -469.8
880.8, -78.5, -467.8
866.2, -83.9, -478.1
844.2, -80.5, -482.5
842.3, -53.2, -485.4
831.6, 67.3, -463.4
851.1, 94.6, -442.5
863.8, 82.0, -429.8
891.1, 48.8, -430.8
904.8, 25.9, -410.8
899.4, 88.3, -367.3
888.2, 108.8, -403.4
892.6, 79.0, -423.9
922.3, 19.5, -428.8
920.9, -4.9, -430.8
909.1, -48.3, -452.7
917.9, -25.4, -429.8
911.6, -3.4, -411.2
896.0, 61.0, -402.0
871.1, 45.9, -440.0
891.6, 71.2, -388.3
896.5, 46.8, -432.2
912.1, 97.6, -383.4
926.2, 95.1, -372.2
930.1, 112.2, -389.3
897.9, 122.0, -396.6
910.1, 97.1, -412.7
894.5, 114.6, -424.4
871.6, 103.4, -444.4
877.9, 105.4, -445.4
-,-,-
854.0, 98.1, -474.7
839.4, 93.2, -481.5
820.8, 102.9, -476.6
827.2, 107.8, -468.3
833.0, 100.5, -469.8
839.8, 102.4, -477.6
844.7, 100.5, -470.8
845.2, 90.2, -465.4
856.4, 82.0, -458.6
864.2, 67.3, -456.6
870.1, 64.4, -459.1
862.3, 66.3, -470.3
857.4, 64.4, -463.4
855.5, 63.4, -462.5
855.0, 69.8, -459.5
857.9, 65.4, -458.6
852.5, 42.4, -455.2
863.8, 17.1, -458.1
863.3, -16.1, -477.1
864.7, -27.3, -501.0
855.0, -8.8, -530.3
842.8, -5.9, -486.9
839.4, -19.5, -484.4
859.4, -16.1, -476.6
862.3, -9.8, -496.1
869.6, 34.1, -519.1
876.9, -18.5, -433.7
860.8, -4.4, -468.8
870.1, 3.4, -487.3
864.7, 10.2, -497.6
855.0, 22.9, -485.4
845.7, 31.7, -490.3
855.0, 26.3, -482.5
839.4, 38.1, -482.5
839.8, 35.1, -485.9
838.9, 76.1, -495.6
837.4, 34.1, -490.8
838.9, 42.4, -500.5
851.6, 29.3, -477.6
853.5, 3.9, -493.7
847.7, 24.4, -497.1
848.6, -5.4, -499.5
856.9, 22.4, -485.9
859.9, 7.8, -468.8
876.9, 4.4, -471.3
889.1, -37.6, -464.9
896.5, -41.0, -455.6
906.7, -55.1, -487.3
917.4, -59.5, -493.7
897.9, -40.0, -486.9
897.9, -35.1, -489.3
885.7, -35.1, -490.3
868.6, -22.9, -486.9
859.9, -6.3, -484.9
855.5, -1.0, -489.3
851.1, 3.9, -487.3
846.7, 2.4, -486.9
854.0, 9.3, -469.8
863.8, 8.3, -474.2
860.3, 10.2, -466.4
877.4, 10.2, -456.6
876.9, 4.4, -467.3
885.7, 31.2, -442.0
876.4, 37.6, -456.1
894.0, 39.0, -448.8
893.0, 53.2, -438.6
902.3, 47.8, -438.1
904.8, 41.5, -446.9
901.8, 52.7, -428.3
878.4, 62.0, -436.6
874.5, 64.9, -450.3
873.0, 48.3, -450.8
877.4, 23.9, -459.5
884.3, 0.5, -462.5
891.6, 3.9, -448.3
873.0, -51.7, -512.7
885.7, -13.7, -470.3
870.6, -2.9, -473.7
837.4, 17.1, -454.2
833.0, 27.3, -494.2
850.1, 17.1, -490.8
850.6, 44.9, -467.3
837.9, 54.1, -474.7
845.2, 82.4, -490.8
837.4, 77.1, -476.6
845.2, 90.2, -480.5
844.7, 133.2, -479.1
835.9, 115.1, -485.9
853.5, 121.5, -455.2
841.8, 113.7, -478.6
860.8, 101.5, -486.4
855.5, 100.5, -485.9
833.0, 83.9, -498.1
828.1, 74.6, -503.9
826.2, 61.0, -509.3
808.1, 65.9, -520.5
812.5, 59.0, -515.2
815.4, 60.5, -512.2
817.4, 65.9, -502.0
823.3, 78.1, -485.4
837.9, 84.4, -465.4
842.8, 77.1, -456.1
861.8, 60.0, -455.6
873.0, 42.4, -459.5
875.0, 2.0, -465.4
874.0, 6.3, -487.8
874.0, -2.4, -522.5
876.0, -13.7, -518.1
851.6, -11.7, -504.4
848.1, -10.7, -491.7
854.5, 16.6, -503.4
850.6, 33.7, -504.4
852.5, -7.8, -484.9
842.3, 33.7, -468.8
841.8, 75.6, -491.3
827.2, 68.3, -502.0
818.9, 80.0, -515.6
810.1, 57.6, -501.0
818.9, 53.7, -502.5
830.6, 63.4, -480.5
-,-,-
837.4, 83.4, -495.2
837.4, 37.1, -486.4
847.7, 17.6, -483.9
846.7, -2.9, -517.6
834.5, -1.0, -545.4
842.3, 9.3, -525.9
849.6, 3.9, -500.5
855.0, -2.9, -488.8
892.6, -20.5, -461.5
903.8, -44.4, -443.4
916.5, -45.4, -475.2
919.9, -42.4, -480.5
917.0, -40.5, -475.2
917.9, -30.7, -483.0
904.3, -36.1, -481.0
909.1, -32.7, -475.6
906.7, -36.6, -483.4
899.4, -31.2, -484.9
887.7, -24.4, -480.5
875.5, -5.9, -480.5
871.6, 2.0, -475.6
868.2, 9.3, -471.3
872.5, 10.7, -462.0
878.4, 11.7, -462.0
884.7, 6.8, -457.6
870.1, 37.1, -464.9
876.4, 60.5, -470.3
871.6, 78.5, -463.4
865.7, 67.3, -463.9
861.8, 78.5, -466.4
854.5, 54.6, -488.3
849.6, 66.8, -493.7
842.8, 85.4, -481.5
853.0, 50.2, -492.2
861.8, 36.1, -504.9
841.8, 11.2, -507.8
838.4, 5.9, -528.8
844.7, -6.8, -513.7
824.7, -32.2, -525.4
825.2, -1.5, -518.1
809.6, -13.7, -542.5
819.8, 5.9, -540.0
831.6, 4.9, -516.1
825.2, 6.8, -521.0
815.9, 12.2, -525.9
812.5, 29.3, -519.5
813.0, 75.6, -506.4
811.1, 73.7, -507.4
823.7, 52.7, -520.0
835.0, 78.1, -501.5
843.8, 104.9, -496.1
844.7, 87.3, -528.3
838.4, 107.3, -494.2
832.0, 110.7, -485.4
843.8, 97.6, -507.4
837.4, 89.8, -511.7
827.2, 77.1, -522.0
818.4, 73.2, -531.7
805.2, 66.8, -541.5
798.9, 67.3, -543.5
790.1, 82.0, -539.5
791.0, 86.8, -531.3
801.8, 91.7, -519.1
820.8, 97.1, -501.0
831.1, 105.4, -487.3
844.2, 106.3, -461.0
862.3, 102.9, -455.2
870.6, 83.9, -462.5
866.2, -6.8, -482.0
874.5, -29.3, -501.5
859.4, 3.9, -518.6
842.3, 22.9, -547.4
822.8, 30.2, -518.1
823.3, -11.2, -493.7
835.0, 50.2, -485.4
847.2, -41.0, -508.3
868.2, -39.0, -475.6
866.2, -1.5, -520.0
858.4, 22.4, -498.6
835.0, -10.7, -489.3
851.6, 25.4, -493.2
847.7, 27.8, -492.7
850.6, 54.6, -491.7
826.2, 59.5, -496.6
840.3, 36.1, -482.5
832.0, 10.7, -485.4
846.7, 58.1, -497.6
843.3, 24.4, -510.8
824.2, 20.0, -524.4
835.5, 32.7, -517.6
832.0, 18.5, -514.7
847.2, 12.7, -510.3
861.8, 14.1, -486.4
882.8, 4.9, -475.2
900.8, -39.0, -475.6
899.4, -40.0, -493.7
902.3, -35.1, -492.2
901.8, -24.9, -489.3
903.3, -20.5, -485.4
895.5, -13.2, -479.5
893.0, -15.6, -476.1
888.2, -16.6, -475.6
880.4, -7.3, -480.5
873.5, -10.7, -479.1
860.8, -4.9, -482.0
847.7, 2.4, -490.8
855.5, -5.4, -481.0
854.5, 7.8, -493.2
866.7, 8.3, -479.5
858.9, 20.0, -490.3
868.2, 63.4, -469.8
874.5, 76.6, -455.6
863.8, 88.8, -463.9
870.1, 83.4, -463.0
860.3, 68.3, -472.2
856.9, 81.0, -494.2
851.6, 82.0, -489.8
857.9, 72.2, -499.5
855.5, 42.0, -503.4
849.1, 29.8, -510.8
-,-,-
841.3, 11.7, -517.6
837.9, -6.3, -524.4
847.7, -22.9, -516.1
833.0, -29.3, -521.5
832.5, -29.3, -539.1
829.6, -35.6, -539.5
816.4, -19.0, -544.4
821.8, -5.9, -520.5
821.3, -7.8, -544.9
820.3, 7.8, -511.7
826.2, 3.4, -529.3
833.0, 37.1, -519.1
827.6, 60.0, -529.3
829.6, 39.0, -530.3
805.2, 85.9, -509.3
818.4, 97.6, -555.6
824.7, 97.1, -533.7
825.7, 87.8, -525.4
829.6, 98.1, -534.2
821.8, 104.9, -516.1
807.2, 105.9, -515.2
818.9, 102.4, -518.6
798.4, 85.9, -534.7
802.8, 74.6, -542.0
804.2, 65.4, -543.9
808.6, 68.3, -534.7
804.2, 83.9, -526.4
813.5, 84.9, -520.5
816.9, 89.3, -513.7
819.8, 103.9, -504.4
829.6, 110.7, -494.7
829.1, 110.3, -471.7
854.0, 95.6, -476.6
853.0, 107.3, -489.8
840.3, 93.2, -492.2
827.2, 61.0, -500.5
823.3, 31.2, -509.8
820.3, -22.9, -542.0
826.7, -56.1, -548.3
821.3, 3.9, -571.7
816.9, -4.9, -577.1
832.5, -36.1, -527.8
838.9, -58.1, -542.5
858.9, -28.8, -523.0
847.7, -31.2, -528.8
838.4, 2.4, -532.2
833.0, 41.0, -535.2
822.3, 18.0, -537.6
832.5, 91.2, -517.1
830.6, 64.9, -493.7
831.1, 57.1, -501.0
846.2, 64.9, -510.8
857.4, 45.9, -511.3
844.7, 56.1, -488.8
845.7, 48.3, -499.5
855.0, 28.3, -497.1
849.6, 32.2, -517.1
866.2, 51.7, -483.4
829.6, 57.1, -517.6
833.0, 58.5, -503.0
842.8, 43.9, -474.7
838.9, 20.5, -514.7
865.2, 20.5, -518.6
858.4, 15.1, -518.1
868.6, 22.0, -511.7
868.2, -11.7, -519.1
866.2, -12.7, -531.7
864.2, -6.3, -513.7
847.2, -5.4, -523.0
838.9, -22.0, -533.7
851.1, -8.3, -528.8
856.9, 0.0, -519.1
869.1, 1.5, -509.8
887.2, -11.2, -509.3
891.1, -17.1, -508.8
889.6, -21.5, -507.8
876.9, -15.1, -508.8
863.8, -14.6, -514.2
848.6, -9.3, -512.2
837.4, 15.1, -502.5
834.5, 16.1, -505.4
846.7, 24.9, -502.0
853.5, 15.1, -498.1
860.3, 32.7, -474.2
852.5, 62.4, -494.7
871.6, 80.0, -479.5
868.6, 85.4, -468.3
854.0, 96.6, -475.6
856.9, 79.5, -489.8
849.6, 82.9, -497.1
844.7, 105.9, -475.6
836.4, 90.2, -500.5
854.0, 62.4, -509.3
844.2, 53.7, -524.9
845.2, 40.5, -525.9
843.3, 27.8, -525.9
841.3, 1.5, -532.2
845.2, -41.5, -551.3
830.1, -2.9, -555.6
818.4, -13.2, -555.6
828.1, -8.8, -529.8
821.3, 13.2, -504.4
818.9, 21.5, -545.9
824.7, 1.0, -539.1
822.3, 34.6, -519.5
812.5, 17.1, -563.0
812.5, 60.5, -534.2
813.5, 56.6, -546.9
821.8, 42.9, -550.8
818.9, 53.7, -530.3
805.2, 70.2, -543.9
822.3, 93.2, -523.0
808.6, 103.9, -559.1
796.9, 113.7, -539.5
781.8, 104.4, -543.5
790.1, 115.6, -545.4
784.2, 122.4, -537.1
796.9, 116.1, -536.6
803.2, 107.3, -541.0
808.1, 99.5, -537.1
-,-,-
815.4, 85.4, -531.7
828.1, 85.9, -518.1
837.4, 82.0, -510.8
842.8, 72.2, -505.9
858.4, 66.8, -499.1
843.8, 92.2, -504.4
838.4, 86.3, -503.4
826.7, 83.4, -502.0
816.4, 62.9, -507.4
813.0, 13.7, -526.9
815.0, -15.1, -539.1
812.5, -17.6, -562.5
809.1, -21.5, -585.9
810.1, -21.0, -593.7
814.0, -45.9, -573.7
807.6, -31.7, -565.9
813.5, -8.8, -551.3
821.3, -3.4, -544.9
829.6, 33.7, -533.2
832.0, 42.9, -527.8
847.7, 57.6, -516.1
853.0, 56.6, -514.2
857.4, 60.5, -512.2
856.0, 68.3, -514.7
840.8, 76.1, -511.3
832.5, 99.0, -509.8
816.4, 101.5, -513.7
819.8, 85.9, -541.5
827.6, 63.9, -526.4
820.3, 60.0, -511.3
821.8, 34.6, -546.4
830.1, 72.2, -555.6
826.2, 56.1, -533.2
821.3, 12.2, -536.6
829.6, 33.7, -532.2
822.8, 12.7, -547.4
831.1, 13.2, -545.9
827.6, 30.7, -535.6
829.1, 40.5, -517.1
830.6, 66.8, -522.0
829.6, 50.7, -529.8
831.6, 51.7, -531.7
825.7, 56.1, -528.8
835.5, 77.6, -506.9
825.2, 39.0, -524.9
840.3, 81.5, -521.5
830.6, 63.9, -513.2
838.9, 71.7, -511.7
835.0, 84.4, -498.1
844.2, 82.9, -483.0
856.0, 64.9, -487.8
859.9, 66.8, -495.6
876.0, 14.1, -497.6
885.7, 5.9, -501.5
878.9, -14.6, -512.7
881.3, -18.0, -509.3
875.0, -35.6, -526.9
867.2, -25.9, -530.3
856.9, -5.9, -527.8
847.7, 8.8, -529.8
840.8, 4.9, -537.1
845.2, -10.7, -535.2
843.8, -10.7, -540.5
844.2, -13.7, -542.5
842.3, -17.6, -543.5
839.8, -23.4, -546.4
835.5, -33.7, -550.8
835.5, -37.6, -548.3
832.0, -33.2, -546.9
836.4, -26.3, -525.4
844.7, -4.9, -526.9
850.6, 23.9, -507.4
847.2, 90.2, -478.6
843.8, 108.3, -483.0
855.0, 100.0, -474.7
859.4, 149.8, -461.5
846.7, 149.3, -464.9
862.3, 128.8, -471.3
853.5, 129.8, -493.2
851.1, 132.7, -495.2
847.2, 80.0, -514.7
842.3, 49.3, -528.3
834.0, 30.7, -540.0
821.3, 15.6, -554.7
810.1, 8.3, -561.5
800.8, 3.9, -564.9
791.5, -2.0, -563.9
796.4, -7.8, -563.5
806.2, 11.2, -541.5
816.9, 5.9, -555.2
818.4, 7.8, -574.7
815.9, -4.9, -574.2
812.5, 10.2, -573.7
817.4, -2.4, -579.1
834.0, 17.1, -560.5
840.3, 18.0, -541.5
841.8, 34.1, -541.0
831.6, 56.1, -559.5
820.8, 101.5, -527.4
834.5, 93.2, -511.7
820.8, 98.5, -532.7
827.2, 101.5, -526.9
829.6, 86.8, -539.5
834.0, 74.6, -542.0
819.8, 57.1, -559.1
811.1, 43.9, -560.0
801.3, 33.2, -569.8
781.3, 19.5, -583.9
773.0, 25.9, -583.5
768.1, 33.7, -581.5
759.8, 56.1, -576.6
768.1, 72.7, -570.3
760.3, 87.3, -569.3
764.2, 99.5, -570.3
755.9, 112.2, -575.2
761.8, 121.0, -569.8
764.2, 116.1, -570.8
769.6, 125.9, -562.0
785.2, 127.8, -548.8
793.0, 127.3, -546.9
-,-,-
796.4, 126.3, -537.6
813.0, 123.4, -528.8
811.5, 104.9, -537.6
838.9, 121.0, -553.7
828.6, 78.1, -509.8
828.1, 71.7, -515.2
825.2, 129.3, -559.5
833.0, 93.7, -531.3
830.6, 95.1, -527.8
848.1, 33.7, -474.7
840.8, 42.0, -495.6
839.4, -2.9, -503.4
851.6, 26.3, -489.3
850.1, -25.4, -540.5
868.6, -50.7, -521.5
865.7, -40.0, -529.8
870.6, -77.6, -511.7
874.5, -53.7, -522.0
849.1, -27.3, -567.4
849.1, -28.8, -534.7
822.3, 6.8, -534.7
815.9, 26.8, -534.7
815.4, 41.0, -514.7
810.6, 44.4, -518.6
828.1, 63.9, -505.9
847.2, 44.4, -503.9
855.0, 54.6, -497.6
855.5, 38.1, -497.6
851.1, 51.7, -513.2
855.5, 16.1, -507.8
858.4, 8.3, -522.5
860.8, 12.2, -526.9
851.1, 15.1, -525.4
855.0, 4.9, -526.9
857.9, 0.0, -535.2
845.7, -7.3, -535.6
839.4, -21.5, -538.1
831.1, -30.7, -549.8
822.8, -39.5, -554.2
820.3, -32.7, -559.5
811.1, -39.5, -561.5
812.5, -21.5, -552.2
816.9, -7.8, -541.5
838.4, 48.8, -497.1
853.5, 102.9, -480.0
868.2, 120.5, -472.2
880.4, 121.5, -465.4
875.0, 91.7, -477.6
865.2, 139.5, -456.6
843.8, 127.8, -489.8
865.2, 115.1, -489.8
863.3, 95.1, -499.1
856.4, 87.3, -506.9
839.4, 45.4, -536.1
828.1, 37.6, -542.0
830.6, 27.3, -537.1
821.8, 25.4, -540.0
818.9, 7.3, -546.4
819.4, 12.7, -555.6
815.4, 5.4, -543.9
821.8, 8.3, -537.1
816.9, 11.7, -543.9
822.8, 40.0, -536.6
828.1, 21.0, -546.9
832.5, 25.4, -521.0
827.2, 64.4, -517.1
815.4, 40.0, -542.5
832.0, 50.2, -563.0
823.3, 79.5, -532.2
822.3, 52.2, -541.5
832.0, 67.8, -522.0
821.8, 42.0, -562.0
801.8, 56.6, -574.2
797.4, 81.0, -535.2
779.8, 68.3, -595.2
776.9, 100.0, -584.9
766.2, 109.3, -564.4
761.3, 119.5, -557.6
774.0, 100.5, -552.7
786.2, 90.2, -559.5
808.1, 69.3, -559.1
812.0, 60.0, -556.1
813.0, 54.1, -551.7
813.0, 59.0, -552.2
810.1, 69.3, -549.8
810.1, 74.2, -549.8
806.7, 79.0, -540.5
803.7, 86.3, -539.5
802.8, 102.9, -536.6
790.6, 108.8, -530.3
790.1, 101.5, -486.4
816.4, 50.2, -494.7
831.6, 4.4, -525.9
845.2, -26.3, -554.7
834.5, -19.0, -572.2
836.9, -40.5, -605.4
829.6, -22.0, -570.8
815.9, -44.4, -570.8
821.8, -7.8, -526.9
819.8, 28.3, -541.0
839.8, 79.5, -507.8
847.2, 56.1, -496.6
859.4, 82.0, -476.1
866.2, 53.2, -492.7
880.8, 72.2, -507.8
880.8, 43.9, -502.0
871.1, 47.3, -499.5
868.2, 51.7, -513.7
851.1, 87.3, -515.2
828.1, 67.8, -507.4
821.8, 58.1, -504.4
815.4, 84.9, -528.3
838.4, 63.9, -509.3
831.6, -11.7, -517.6
836.4, 16.6, -529.8
845.2, 26.3, -505.9
838.9, 5.4, -530.3
833.0, 11.2, -539.5
821.8, 20.5, -522.5
820.3, 23.9, -524.4
-,-,-
827.2, -3.4, -529.3
837.9, -3.9, -527.8
859.4, -28.3, -518.6
861.3, -24.9, -522.5
857.9, -35.1, -541.0
866.2, -19.5, -524.9
860.8, -4.4, -516.1
877.4, 6.8, -504.4
880.4, 6.3, -499.5
882.3, 8.3, -500.0
886.7, 4.9, -499.1
877.4, 6.8, -502.5
871.1, 0.5, -504.4
860.3, 2.0, -503.4
850.1, -2.0, -515.6
849.6, -17.6, -517.6
852.0, -39.0, -525.9
848.1, -29.8, -520.5
846.7, -4.4, -510.3
847.2, 52.7, -495.6
827.2, 71.2, -506.4
840.8, 98.1, -484.4
834.0, 97.6, -486.4
836.4, 88.8, -500.0
847.7, 97.6, -493.2
833.0, 114.6, -505.9
856.0, 87.8, -515.6
850.6, 72.2, -518.6
834.5, 53.2, -525.9
820.8, 28.3, -546.4
826.7, 20.5, -540.5
815.0, -9.3, -577.1
811.1, 6.3, -563.9
791.5, -1.0, -559.1
800.8, 13.7, -552.7
798.4, 56.6, -553.2
802.8, 28.3, -554.7
814.5, 39.5, -524.9
823.3, 47.3, -526.4
829.6, 50.2, -523.4
843.8, 70.2, -510.8
819.8, 49.8, -520.0
837.4, 65.9, -543.9
820.8, 39.5, -568.8
808.6, 74.2, -554.2
784.7, 78.5, -581.0
789.6, 100.0, -560.0
769.1, 106.8, -564.4
780.3, 93.7, -567.8
790.6, 88.3, -559.5
795.0, 70.7, -562.5
797.4, 63.9, -560.5
798.4, 59.5, -564.9
791.5, 52.2, -563.9
789.6, 51.2, -564.9
789.1, 64.4, -563.5
791.0, 61.0, -554.2
796.4, 61.0, -548.3
807.6, 72.2, -543.0
814.5, 81.0, -532.7
815.9, 94.2, -526.4
816.9, 102.0, -523.0
824.2, 106.8, -522.0
815.0, 117.6, -513.7
811.1, 115.1, -511.3
811.1, 76.1, -516.1
814.0, 45.9, -538.1
820.3, 27.8, -547.4
818.9, 3.9, -559.5
820.3, 35.6, -578.6
834.5, 26.3, -581.0
822.8, 13.2, -558.1
839.4, 8.3, -516.6
830.1, 8.8, -547.8
838.4, 31.7, -519.5
825.7, 13.7, -528.8
824.2, 21.0, -531.3
819.4, 32.7, -547.4
819.8, 64.4, -559.1
831.6, 59.5, -532.2
815.9, 42.0, -524.9
835.9, 48.3, -496.1
851.1, 57.6, -514.7
848.6, 42.9, -514.7
834.5, 62.4, -531.7
841.8, 49.8, -530.8
841.3, 44.9, -524.9
855.0, -26.3, -510.3
853.5, -26.8, -531.7
854.5, -42.4, -546.4
859.9, -18.5, -538.6
835.5, -20.0, -527.4
829.1, -18.0, -537.1
834.0, -6.8, -540.5
828.6, -14.6, -551.3
831.1, -36.1, -553.2
837.9, -39.0, -552.2
849.1, -52.2, -552.2
873.0, -68.8, -545.9
888.2, -84.9, -544.4
883.8, -75.1, -533.2
866.7, -73.7, -532.7
856.9, -73.7, -525.4
845.2, -62.0, -506.4
827.2, 11.2, -505.4
832.5, 103.4, -489.8
845.2, 146.8, -480.5
847.2, 113.2, -484.9
855.0, 108.8, -467.8
856.4, 131.7, -441.5
844.7, 129.3, -456.1
877.4, 123.4, -455.6
863.3, 96.1, -525.4
869.1, 72.7, -530.3
854.0, 22.0, -557.1
835.9, 48.8, -526.9
803.2, 7.8, -568.3
816.9, 22.4, -549.3
787.1, 48.3, -535.6
800.3, 24.9, -538.6
-,-,-
804.2, 25.9, -530.3
798.4, 45.4, -536.1
793.0, 59.5, -560.0
801.8, 61.5, -579.6
778.8, 90.2, -563.9
772.5, 131.7, -549.3
765.7, 113.2, -548.3
785.2, 94.6, -543.0
803.7, 78.5, -551.7
821.3, 78.1, -553.2
818.4, 84.4, -546.4
822.3, 88.3, -539.1
817.4, 95.6, -531.3
815.4, 111.2, -528.8
814.0, 124.4, -527.4
812.0, 150.3, -519.1
807.6, 152.2, -514.7
811.1, 176.1, -501.0
806.2, 165.4, -501.0
808.6, 151.7, -509.8
807.6, 152.7, -512.2
807.6, 142.4, -521.5
812.0, 124.9, -517.6
820.3, 82.4, -509.8
830.6, 21.0, -519.1
848.1, -32.2, -539.5
856.0, -33.7, -589.8
864.7, -8.3, -572.7
843.3, -49.8, -544.9
835.9, -66.8, -541.0
850.6, -59.5, -535.6
833.5, 8.8, -530.3
830.6, 17.1, -523.9
823.3, 0.5, -521.5
819.8, 28.8, -523.4
818.9, 46.8, -536.1
838.4, 48.8, -516.6
850.6, 58.1, -518.1
854.0, 60.0, -520.0
858.9, 58.1, -499.5
854.0, 73.2, -491.7
845.2, 57.6, -511.7
852.5, 77.1, -516.1
845.2, 65.9, -505.4
842.8, 55.6, -502.0
847.2, 41.0, -516.1
841.8, 71.2, -511.3
823.3, 48.3, -510.8
843.8, 44.9, -502.5
826.7, 9.8, -525.4
848.1, 44.9, -514.2
836.9, 51.7, -518.6
846.7, 6.8, -515.6
846.2, 30.2, -507.8
837.9, 33.2, -516.1
838.4, 34.6, -518.1
839.8, 37.6, -510.8
841.3, 38.1, -515.2
851.1, 18.5, -499.5
857.4, 12.7, -505.4
873.5, -5.4, -507.4
883.8, -10.7, -512.2
887.7, -20.0, -511.7
893.0, -16.6, -511.7
895.0, -29.3, -508.8
889.6, -26.3, -513.7
878.9, -32.2, -516.1
870.6, -32.2, -516.6
845.2, -33.2, -529.3
830.1, -34.1, -528.3
817.4, -32.7, -540.0
805.2, -23.4, -543.5
805.7, -22.9, -543.9
809.1, -16.1, -521.0
831.1, 19.0, -491.3
832.0, 60.5, -500.5
853.0, 66.8, -492.7
858.4, 89.3, -475.2
864.7, 101.0, -492.7
867.7, 105.9, -476.1
860.3, 112.2, -467.3
856.4, 94.2, -493.2
859.4, 86.8, -504.4
875.0, 64.9, -509.8
870.1, 26.8, -494.2
856.9, 47.8, -488.3
836.9, -6.8, -537.1
841.3, -26.8, -553.2
806.7, -16.6, -570.3
795.0, -18.0, -564.9
809.1, -15.6, -561.5
812.5, 33.7, -533.7
820.3, 21.5, -520.5
809.1, 16.1, -520.5
807.6, 47.3, -527.8
796.9, 100.0, -518.6
802.8, 61.5, -551.3
838.4, 72.2, -480.5
808.1, 95.6, -505.9
845.7, 87.8, -508.8
845.7, 100.5, -511.7
840.3, 120.0, -517.6
817.4, 125.9, -523.0
814.5, 145.4, -534.7
803.2, 158.5, -532.7
791.5, 164.9, -536.6
784.7, 169.3, -537.1
783.2, 161.0, -540.5
779.3, 151.7, -546.4
774.9, 145.9, -542.0
770.1, 127.3, -557.1
773.0, 112.2, -557.6
775.9, 104.9, -550.3
778.4, 69.3, -553.2
785.7, 16.1, -559.1
795.0, -23.9, -564.9
808.1, -30.7, -580.5
802.8, -2.9, -577.6
802.3, 3.9, -597.6
800.8, -27.3, -560.5
-,-,-
801.8, -3.9, -552.2
825.7, -30.2, -539.1
824.7, -9.8, -541.5
824.7, 31.7, -562.5
839.8, 62.4, -524.9
823.7, 21.5, -519.5
848.1, 28.3, -510.8
838.4, 35.1, -534.2
844.2, 41.0, -546.9
856.9, 45.4, -521.5
862.3, 58.1, -492.2
863.3, 38.5, -520.0
875.0, 46.8, -504.4
856.9, 18.0, -530.3
868.6, 51.7, -509.8
838.9, 14.1, -528.3
846.7, 63.4, -529.3
817.4, 50.7, -536.1
812.5, 72.7, -517.1
816.9, 21.0, -525.4
829.6, 34.1, -520.0
827.2, 23.9, -544.4
828.1, 24.9, -528.3
822.3, 14.1, -547.4
827.6, 29.3, -535.6
830.1, 9.3, -544.9
841.3, 7.8, -543.0
836.9, 4.4, -539.5
833.5, -11.7, -547.8
835.9, -21.5, -553.2
831.6, -22.4, -554.7
832.5, -8.3, -549.3
835.5, -11.2, -550.8
846.7, -22.0, -548.3
847.7, -17.1, -544.9
854.5, -16.6, -545.4
845.2, -28.3, -551.7
834.0, -43.9, -562.0
820.3, -49.3, -567.8
806.7, -52.2, -565.4
800.8, -49.3, -568.8
802.8, -40.5, -564.9
800.8, -46.8, -561.5
805.2, -39.5, -553.7
811.1, -3.9, -528.3
799.3, 62.4, -531.7
826.2, 100.5, -534.2
849.1, 83.9, -521.0
855.0, 40.0, -514.2
855.5, 81.5, -488.8
822.8, 84.4, -516.6
856.0, 58.5, -539.5
848.1, 51.7, -537.1
840.3, 11.2, -550.8
856.0, 13.2, -527.8
827.6, 49.3, -507.4
809.1, 15.1, -581.5
790.6, 16.6, -585.4
800.3, 31.2, -548.3
780.3, 60.0, -559.1
780.3, 106.3, -511.3
803.7, 44.4, -547.4
811.1, 78.1, -515.2
795.9, 93.2, -543.5
794.0, 122.0, -533.7
793.5, 132.2, -564.9
793.5, 158.1, -544.4
796.4, 142.0, -538.1
814.5, 126.8, -538.6
816.4, 114.6, -541.5
825.7, 108.3, -543.9
823.3, 99.0, -543.5
826.2, 105.9, -540.5
818.4, 102.4, -534.7
812.0, 96.6, -536.6
812.0, 102.4, -543.5
803.2, 92.7, -535.6
803.2, 93.2, -539.5
799.8, 87.3, -539.5
795.4, 66.3, -535.6
802.3, 47.8, -534.7
817.9, 0.5, -543.5
822.3, -44.4, -554.2
829.6, -62.4, -589.3
823.3, -58.1, -594.2
824.7, -50.2, -590.3
826.7, -39.5, -567.4
807.2, 4.9, -559.1
798.4, 13.2, -555.2
795.9, 36.1, -555.2
792.0, 62.4, -559.1
793.0, 83.9, -543.9
809.1, 95.1, -539.5
812.0, 82.4, -536.6
812.0, 84.9, -536.1
808.6, 92.2, -538.1
809.1, 112.2, -545.4
801.8, 83.9, -559.1
824.2, 62.0, -542.0
814.5, 32.7, -534.7
835.5, 49.3, -535.2
825.7, 46.3, -552.2
815.0, 23.4, -540.0
828.1, 31.2, -541.5
838.4, -2.4, -513.2
821.8, 2.9, -545.4
825.2, 5.9, -556.6
819.4, 67.3, -551.7
815.4, 19.0, -527.8
814.5, 46.3, -538.1
814.0, 37.1, -532.7
833.5, 38.1, -523.0
855.5, 43.9, -499.5
856.4, 22.4, -496.1
858.4, 24.9, -503.4
866.7, 15.1, -510.3
867.2, -13.7, -523.0
872.1, -17.6, -512.7
874.0, -15.1, -516.6
865.7, -22.4, -525.9
-,-,-
866.7, -27.3, -530.3
859.4, 8.8, -510.8
870.6, 7.3, -510.3
872.5, 11.7, -508.8
868.2, 11.7, -508.3
871.1, 4.4, -515.2
869.1, -1.5, -519.1
859.4, -6.8, -524.4
849.6, -15.1, -533.7
836.4, -23.4, -544.4
804.7, -21.5, -553.2
807.6, -17.1, -542.0