-,-,-
-482.1, 408.8, 723.5
-531.9, 390.8, 756.6
-536.3, 342.5, 749.3
-566.6, 404.4, 815.7
-559.2, 399.1, 794.2
-564.6, 400.0, 785.9
-560.7, 376.6, 766.9
-558.3, 369.3, 750.3
-540.7, 339.5, 722.0
-507.0, 331.7, 710.3
-505.6, 365.9, 698.6
-495.8, 406.4, 696.6
-489.5, 485.4, 714.7
-490.0, 539.5, 680.5
-501.7, 591.3, 737.6
-469.0, 568.3, 659.1
-488.0, 620.5, 712.2
-495.8, 671.8, 711.3
-540.7, 720.0, 779.6
-478.2, 709.8, 736.1
-498.2, 757.1, 752.2
-507.0, 758.1, 759.1
-526.6, 657.1, 745.4
-529.0, 656.6, 743.5
-537.8, 666.4, 735.7
-518.7, 665.4, 720.0
-535.3, 654.7, 748.3
-517.3, 643.0, 695.7
-530.5, 637.6, 700.0
-518.7, 597.1, 667.8
-540.7, 508.8, 677.6
-579.3, 395.6, 715.2
-517.3, 366.4, 756.1
-527.5, 449.8, 797.1
-547.0, 510.3, 758.1
-498.7, 468.3, 720.0
-476.3, 448.3, 778.6
-476.3, 428.8, 724.0
-430.9, 402.5, 744.4
-416.8, 365.4, 726.9
-393.3, 403.9, 742.5
-374.3, 408.8, 699.1
-380.2, 410.8, 727.4
-374.8, 373.2, 705.9
-397.7, 346.9, 710.3
-369.4, 333.7, 753.7
-391.4, 367.3, 766.9
-355.3, 359.5, 803.5
-389.4, 369.3, 767.4
-496.8, 339.0, 744.9
-451.4, 269.8, 781.0
-449.4, 263.4, 826.4
-477.8, 265.9, 870.8
-491.4, 308.3, 881.0
-482.1, 383.0, 860.5
-484.6, 435.2, 833.2
-490.9, 472.2, 838.1
-444.1, 440.0, 783.5
-417.7, 453.2, 731.8
-425.0, 443.9, 777.1
-418.2, 387.3, 744.9
-373.8, 367.8, 824.4
-446.0, 375.1, 711.8
-481.7, 452.2, 788.3
-474.3, 529.8, 778.6
-435.3, 551.3, 813.7
-434.3, 574.7, 780.1
-445.1, 586.9, 771.3
-434.8, 585.4, 774.7
-447.5, 520.5, 768.3
-448.5, 516.6, 764.0
-450.9, 531.7, 751.3
-447.0, 541.0, 758.6
-449.4, 530.3, 745.9
-445.1, 498.1, 751.3
-452.9, 469.8, 775.2
-450.9, 407.3, 804.4
-513.9, 322.0, 841.0
-487.0, 286.4, 840.5
-506.5, 300.0, 807.4
-522.6, 376.1, 782.5
-494.8, 322.0, 803.5
-497.3, 327.8, 783.5
-507.0, 274.7, 799.6
-535.3, 257.6, 803.5
-518.7, 260.0, 831.3
-507.5, 247.3, 833.7
-486.0, 312.2, 810.8
-465.6, 325.9, 790.3
-454.3, 325.9, 766.9
-443.1, 317.6, 771.8
-441.6, 303.4, 775.7
-437.7, 288.8, 791.8
-452.4, 281.0, 804.9
-456.8, 281.5, 825.9
-451.9, 272.7, 821.0
-452.9, 290.8, 826.4
-472.4, 299.0, 820.1
-465.6, 293.7, 840.1
-447.5, 304.4, 855.2
-424.6, 299.0, 843.0
-444.1, 353.2, 955.7
-388.4, 329.3, 769.3
-339.6, 396.6, 772.2
-438.2, 470.3, 785.4
-378.7, 472.2, 772.2
-412.4, 543.0, 862.0
-356.2, 561.5, 848.3
-416.3, 603.9, 874.2
-396.7, 613.2, 869.3
-387.5, 558.6, 835.7
-386.5, 549.3, 800.1
-400.2, 548.3, 789.8
-396.7, 548.3, 771.8
-402.6, 535.6, 811.3
-404.1, 458.6, 815.2
-411.4, 393.2, 810.3
-388.9, 335.1, 845.9
-415.3, 279.0, 907.9
-425.5, 262.9, 827.9
-,-,-
-405.5, 346.9, 919.6
-444.1, 350.8, 781.0
-414.8, 336.6, 790.3
-474.3, 326.4, 817.1
-469.5, 314.2, 767.4
-529.0, 281.0, 800.5
-480.2, 225.4, 867.4
-537.3, 244.9, 850.3
-532.4, 186.8, 756.6
-546.1, 110.7, 894.7
-521.7, 44.9, 824.0
-504.1, 100.0, 845.4
-507.5, 142.4, 865.9
-486.0, 162.0, 810.8
-464.6, 159.5, 826.9
-473.4, 171.2, 846.4
-460.2, 181.5, 847.4
-456.8, 190.3, 848.3
-448.0, 186.8, 841.5
-440.2, 154.6, 797.1
-469.9, 302.0, 992.3
-373.3, 331.7, 668.3
-353.3, 334.2, 854.2
-283.0, 396.6, 992.7
-430.9, 494.7, 684.9
-425.5, 566.4, 789.3
-320.1, 545.4, 927.4
-312.3, 650.3, 835.7
-399.2, 696.6, 928.8
-342.6, 703.9, 876.2
-301.1, 672.7, 805.9
-335.7, 634.7, 875.7
-346.0, 624.9, 832.3
-354.8, 599.6, 819.1
-338.2, 549.3, 769.3
-356.2, 502.0, 787.9
-368.0, 402.0, 774.2
-407.0, 182.0, 866.4
-369.4, 277.6, 984.0
-465.1, 239.0, 819.6
-409.9, 191.2, 893.7
-474.3, 217.6, 914.2
-446.0, 177.6, 838.6
-460.7, 156.1, 837.1
-485.6, 189.8, 850.8
-469.5, 225.4, 877.1
-471.9, 213.2, 844.4
-463.1, 161.5, 847.4
-446.5, 146.4, 898.6
-444.1, 201.0, 882.0
-428.0, 214.2, 904.0
-395.3, 188.8, 886.4
-379.2, 169.8, 866.9
-368.0, 171.7, 857.1
-341.1, 166.4, 828.3
-335.3, 180.0, 835.7
-351.4, 213.7, 842.5
-324.5, 216.1, 818.6
-342.1, 260.5, 901.5
-380.6, 267.8, 878.6
-277.2, 314.2, 918.6
-268.9, 375.1, 962.5
-359.7, 423.0, 819.1
-336.7, 473.2, 942.5
-309.4, 510.8, 800.1
-295.7, 530.3, 962.5
-266.0, 523.9, 835.7
-285.0, 565.4, 862.5
-315.2, 588.3, 925.4
-317.7, 499.1, 913.2
-343.6, 497.6, 910.8
-332.8, 518.1, 896.2
-337.7, 525.4, 887.9
-320.1, 523.4, 844.4
-294.3, 495.6, 844.9
-334.3, 439.1, 855.2
-339.6, 314.2, 816.6
-285.0, 222.0, 906.4
-344.5, 157.6, 908.8
-349.4, 244.4, 893.2
-367.0, 278.1, 879.6
-408.5, 247.8, 863.5
-329.4, 230.3, 903.0
-379.7, 289.3, 893.2
-412.4, 219.0, 837.6
-350.9, 188.8, 946.4
-341.1, 191.7, 927.9
-344.5, 314.2, 917.1
-340.6, 232.2, 880.5
-333.3, 181.5, 928.4
-293.8, 156.1, 897.6
-317.2, 142.4, 917.6
-315.7, 138.1, 932.7
-306.0, 147.8, 921.0
-315.7, 212.7, 912.7
-314.8, 208.3, 910.8
-305.5, 205.9, 909.3
-304.0, 197.1, 905.4
-301.1, 155.6, 892.3
-301.6, 142.9, 905.4
-304.5, 142.0, 910.8
-301.1, 114.6, 910.3
-318.7, 119.0, 917.1
-310.9, 100.0, 922.5
-291.8, 132.2, 899.1
-319.2, 163.9, 942.5
-288.4, 263.4, 995.7
-272.8, 384.4, 1018.6
-222.0, 371.2, 834.2
-226.4, 383.4, 837.6
-204.0, 421.0, 947.9
-150.8, 501.0, 825.9
-220.1, 546.9, 995.2
-183.0, 542.0, 905.4
-153.7, 572.2, 886.4
-188.9, 613.2, 966.9
-195.7, 481.5, 938.1
-219.6, 459.5, 919.1
-231.3, 460.0, 919.6
-246.0, 475.6, 914.2
-,-,-
-242.5, 496.1, 897.1
-225.9, 478.6, 894.2
-258.6, 400.5, 860.5
-207.4, 324.9, 927.9
-189.8, 278.6, 867.4
-262.5, 227.8, 983.0
-267.9, 279.5, 863.0
-272.3, 236.6, 792.2
-243.0, 225.4, 981.0
-258.6, 273.7, 909.8
-322.6, 179.0, 975.2
-348.4, 104.4, 982.5
-304.5, 45.4, 879.6
-329.4, -24.4, 1025.4
-355.8, -22.0, 962.0
-364.0, 165.4, 908.8
-322.1, 150.7, 926.4
-290.4, 120.5, 937.1
-306.0, 122.9, 960.1
-333.3, 187.3, 966.4
-293.8, 154.6, 971.8
-290.8, 177.1, 956.2
-259.1, 187.3, 906.4
-254.2, 218.1, 935.7
-245.5, 260.5, 898.6
-218.6, 272.2, 887.4
-203.0, 288.8, 904.9
-200.1, 289.8, 891.8
-156.6, 314.2, 909.3
-167.4, 346.9, 942.0
-237.2, 395.1, 960.1
-230.3, 414.2, 896.2
-167.9, 415.6, 932.7
-164.5, 379.5, 904.5
-164.5, 385.4, 916.2
-182.0, 407.8, 950.3
-208.9, 385.4, 988.4
-221.1, 363.4, 983.5
-219.1, 351.2, 970.3
-223.0, 344.9, 963.0
-220.6, 350.8, 946.9
-221.1, 351.7, 941.0
-219.6, 357.1, 932.7
-223.5, 384.4, 942.0
-204.0, 411.7, 920.5
-207.9, 415.1, 931.3
-188.4, 396.1, 904.0
-192.3, 367.3, 896.6
-204.5, 325.4, 903.5
-199.1, 253.2, 951.8
-234.7, 167.3, 900.5
-217.6, 185.4, 989.8
-223.0, 183.9, 923.5
-246.0, 84.9, 946.4
-282.1, 13.2, 956.6
-240.1, 52.2, 922.0
-256.7, 92.7, 922.5
-280.6, 183.4, 903.0
-253.3, 170.3, 937.1
-234.7, 175.6, 939.6
-246.9, 207.3, 973.7
-233.8, 241.5, 954.7
-228.9, 242.9, 944.9
-224.0, 223.9, 938.6
-218.1, 201.5, 941.5
-210.8, 175.6, 930.8
-201.1, 171.7, 939.1
-213.7, 158.1, 917.6
-189.3, 138.5, 916.6
-181.0, 127.8, 909.8
-183.5, 135.6, 937.6
-209.4, 201.5, 964.5
-185.9, 228.8, 990.8
-202.5, 246.8, 945.4
-71.7, 317.6, 868.8
-181.5, 386.4, 982.5
-174.7, 428.3, 893.7
-104.4, 400.0, 978.1
-118.1, 460.5, 871.8
-140.1, 472.7, 994.2
-123.0, 560.5, 969.8
-136.6, 531.7, 951.3
-152.3, 482.5, 965.9
-133.2, 460.0, 942.0
-133.7, 465.4, 954.7
-121.5, 464.9, 935.7
-126.4, 450.8, 894.2
-131.3, 442.0, 891.8
-122.0, 426.4, 862.0
-179.6, 329.8, 923.0
-246.9, 254.7, 954.7
-229.8, 172.2, 1012.8
-204.5, 138.5, 1009.3
-243.5, 131.2, 900.5
-230.8, 143.4, 944.5
-237.2, 99.0, 926.4
-271.8, 176.1, 975.2
-229.4, 149.3, 833.2
-286.0, 71.7, 926.9
-273.3, 30.7, 953.2
-235.7, 51.2, 968.8
-265.5, 112.2, 996.2
-280.1, 148.8, 986.9
-263.0, 146.8, 964.9
-253.3, 123.9, 965.9
-245.0, 117.6, 954.7
-245.5, 111.7, 967.4
-255.2, 133.2, 982.0
-208.9, 187.8, 966.9
-197.2, 262.5, 1013.7
-158.1, 300.5, 948.4
-142.5, 291.7, 974.2
-142.0, 255.6, 904.5
-88.8, 265.9, 838.6
-33.7, 312.7, 903.0
-120.0, 366.4, 872.3
-133.7, 366.4, 942.5
-91.3, 330.8, 931.8
-122.5, 348.8, 962.0
-81.0, 371.2, 974.7
-,-,-
-86.9, 379.0, 987.9
-60.5, 411.7, 968.8
-94.2, 413.2, 1034.7
-212.3, 330.8, 820.1
-163.0, 383.9, 903.5
-140.1, 422.5, 909.3
-165.9, 382.0, 960.6
-169.3, 361.0, 966.9
-171.3, 355.6, 966.9
-171.3, 362.5, 979.6
-183.0, 379.5, 975.2
-179.6, 391.7, 965.4
-185.0, 402.5, 935.7
-162.0, 407.8, 905.9
-135.7, 395.1, 901.5
-137.6, 364.9, 883.5
-167.4, 343.9, 892.7
-197.6, 317.6, 910.3
-197.6, 261.0, 940.1
-194.2, 205.9, 921.0
-273.3, 131.7, 965.9
-273.8, 134.6, 1071.3
-249.4, 135.6, 923.5
-253.3, 141.0, 924.0
-282.6, 146.4, 942.0
-276.7, 30.7, 982.5
-278.6, 30.2, 974.7
-263.0, 88.3, 1005.9
-260.1, 130.7, 969.3
-249.4, 157.6, 955.7
-227.4, 143.4, 937.1
-215.2, 124.4, 927.9
-207.9, 104.4, 933.2
-209.8, 95.6, 926.9
33.7, 193.2, 1229.8
-285.5, 69.8, 935.2
-370.4, 102.9, 955.2
-232.3, 192.2, 888.8
-216.2, 208.3, 972.3
-105.4, 246.8, 853.7
-122.0, 304.9, 965.4
-147.4, 303.9, 774.2
-178.6, 360.5, 848.8
-22.0, 431.7, 1041.0
-150.3, 519.1, 839.6
-125.9, 531.7, 978.6
-114.2, 631.3, 1035.7
-66.9, 622.0, 971.3
-67.3, 641.0, 980.1
-112.2, 561.5, 938.6
-110.8, 506.9, 924.9
-103.5, 483.0, 942.0
-126.4, 483.9, 970.8
-44.4, 471.7, 862.0
-64.4, 473.7, 863.0
-167.9, 423.4, 828.3
-191.8, 291.2, 897.1
-184.0, 143.9, 966.9
-164.5, 100.0, 1025.9
-269.4, 228.8, 936.6
-250.8, 237.6, 791.8
-164.5, 185.9, 1007.9
-261.1, 317.6, 902.0
-241.6, 189.3, 768.3
-246.0, 155.1, 997.1
-223.5, 202.0, 972.3
-252.8, 152.7, 847.4
-280.1, 101.5, 966.4
-246.9, 67.8, 914.2
-246.9, 50.7, 952.3
-256.2, 27.8, 929.8
-252.8, 18.0, 960.6
-257.2, 76.1, 981.0
-266.4, 104.4, 961.5
-267.9, 122.4, 963.0
-257.7, 116.1, 951.3
-247.4, 115.1, 960.1
-248.9, 122.4, 983.0
-255.2, 130.7, 988.8
-267.9, 147.8, 972.3
-283.0, 168.3, 979.6
-264.0, 212.2, 973.2
-247.9, 306.4, 1152.3
-111.8, 365.9, 988.8
-272.8, 343.4, 928.4
-276.2, 308.3, 892.3
-206.9, 400.0, 950.3
-135.2, 380.5, 889.3
-110.8, 478.1, 940.1
-143.0, 531.7, 969.3
-116.6, 554.7, 963.0
-121.0, 513.2, 916.6
-134.7, 500.0, 938.1
-136.2, 489.3, 924.9
-123.0, 468.8, 913.2
-124.4, 432.7, 909.8
-94.7, 395.6, 904.0
-89.8, 373.7, 895.7
-122.0, 325.4, 915.7
-93.7, 199.0, 911.3
-91.7, 377.1, 928.4
-105.4, 345.9, 820.5
-256.2, 253.7, 906.4
-199.1, 227.3, 911.3
-97.1, 52.2, 589.3
-168.4, 132.2, 1219.6
-250.8, 4.4, 858.1
-291.3, -10.7, 1096.7
-256.2, -145.9, 1091.3
-323.5, 5.9, 1018.6
-348.4, 209.8, 1041.0
-353.3, 175.1, 935.7
-298.7, 174.2, 948.8
-209.8, 137.6, 948.8
-97.6, 159.5, 942.5
-220.1, 202.5, 810.8
-469.0, 215.6, 911.8
-615.9, 75.6, 921.5
-317.2, 86.3, 995.7
-386.0, 199.5, 1036.7
-,-,-
-411.9, 238.6, 1009.8
-363.1, 264.9, 1077.1
-332.3, 239.0, 1053.7
-328.4, 283.4, 993.2
-280.1, 339.5, 986.9
-222.5, 320.0, 853.2
-247.4, 335.6, 942.0
-221.1, 348.8, 894.2
-208.4, 385.4, 962.0
-24.4, 516.1, 1039.6
-267.4, 436.6, 997.6
-338.7, 274.7, 875.2
-262.5, 229.8, 919.6
-209.4, 231.7, 947.9
-196.7, 230.7, 955.7
-193.7, 240.5, 939.6
-192.8, 232.2, 928.8
-188.4, 223.4, 924.9
-178.1, 240.5, 933.2
-139.1, 294.7, 930.3
-149.8, 319.0, 925.4
-144.4, 334.2, 906.9
-124.0, 314.7, 893.7
-109.8, 298.6, 903.5
-109.3, 239.0, 898.1
-130.8, 155.1, 929.3
-74.7, 3.9, 965.4
-114.2, 23.4, 959.6
-125.9, -4.9, 894.2
-233.8, -37.1, 993.7
-216.2, -87.3, 912.3
-211.8, -117.1, 934.2
-234.7, -128.3, 950.3
-260.1, -79.0, 955.2
-276.2, -35.6, 959.1
-277.7, -32.7, 965.4
-267.4, -21.0, 983.5
-269.4, -12.2, 999.6
-271.3, 1.0, 988.8
-259.6, 62.9, 1031.8
-214.2, 75.1, 1016.7
-240.1, 102.4, 1010.3
-246.9, 95.6, 926.4
-196.7, 118.1, 912.7
-145.9, 159.5, 932.7
-220.1, 241.0, 896.2
-216.7, 317.6, 1021.0
-197.6, 286.4, 938.6
-176.7, 317.6, 991.8
-175.2, 376.6, 1005.4
-155.2, 447.8, 1008.4
-145.4, 498.1, 990.8
-170.3, 519.5, 1007.9
-110.8, 448.3, 988.8
-156.6, 400.0, 965.4
-156.6, 390.8, 931.8
-154.7, 378.1, 954.2
-146.9, 345.9, 954.7
-162.0, 281.5, 944.9
-143.0, 133.7, 909.3
-127.4, 167.3, 993.2
-138.1, 164.9, 933.7
-257.7, 319.0, 951.3
-261.6, 126.3, 959.6
-275.2, 82.4, 955.7
-229.8, 101.0, 1022.5
-211.3, 54.6, 902.0
-290.8, -23.9, 974.2
-328.9, -91.7, 953.7
-297.2, -109.3, 921.0
-278.6, -179.5, 949.3
-319.2, -165.9, 945.9
-349.4, -58.1, 922.0
-345.0, -51.7, 924.9
-344.0, -63.4, 956.2
-343.1, -63.9, 1003.5
-363.6, -8.8, 1015.7
-368.0, 42.4, 1029.3
-369.9, 81.0, 1025.9
-275.2, 77.6, 976.2
-247.4, 91.7, 975.7
-356.7, 141.0, 927.4
-262.5, 153.2, 960.1
-169.3, 168.8, 933.7
-205.4, 230.7, 893.7
-255.7, 305.9, 976.2
-161.5, 323.9, 961.5
-173.2, 328.8, 945.4
-207.9, 366.4, 931.3
-163.0, 449.3, 991.3
-166.4, 464.9, 931.8
-131.8, 525.9, 947.9
-116.6, 438.1, 982.0
-130.3, 399.1, 967.4
-157.1, 377.6, 964.9
-182.5, 388.8, 984.9
-217.6, 396.6, 962.0
-181.0, 382.0, 932.3
-134.7, 361.5, 923.0
-155.2, 336.6, 885.4
-201.5, 184.9, 892.3
-206.9, 199.0, 1036.2
-229.4, 174.2, 974.2
-313.3, 271.2, 958.6
-272.3, 208.8, 831.8
-322.6, 122.9, 928.8
-307.0, 72.7, 961.0
-291.8, 82.4, 921.5
-271.8, -4.9, 819.6
-406.0, -107.3, 969.3
-327.0, -193.7, 961.0
-354.8, -189.3, 964.9
-436.8, -99.5, 985.9
-440.7, -52.2, 985.9
-443.1, -11.2, 981.0
-429.0, -22.9, 978.1
-419.7, -19.0, 1006.9
-404.6, 0.5, 1022.5
-402.1, 41.5, 1006.4
-312.8, 126.3, 994.2
-,-,-
-267.4, 121.5, 930.8
-288.9, 116.1, 880.5
-298.2, 161.0, 895.2
-262.5, 180.0, 958.1
-186.9, 167.3, 894.7
-144.4, 199.0, 961.5
-188.9, 255.1, 904.5
-221.6, 323.4, 989.3
-173.7, 308.3, 945.4
-190.3, 341.5, 957.1
-180.6, 363.0, 972.3
-155.2, 417.1, 960.6
-164.9, 473.7, 981.5
-137.6, 495.6, 968.4
-114.2, 399.1, 983.5
-108.8, 369.3, 979.1
-132.2, 350.8, 984.9
-152.3, 363.4, 965.9
-156.2, 361.5, 942.0
-153.7, 357.6, 867.4
-158.6, 363.4, 903.5
-150.3, 307.8, 872.3
-154.7, 180.5, 915.7
-173.7, 146.8, 982.5
-241.1, 83.4, 943.0
-307.9, 208.8, 968.4
-244.0, 152.2, 822.5
-341.6, 53.7, 987.9
-271.3, 11.7, 985.9
-258.6, 2.4, 868.4
-329.9, -42.0, 992.3
-374.8, -112.2, 1005.4
-316.2, -157.6, 977.1
-301.6, -162.9, 997.6
-343.6, -108.3, 971.3
-380.2, -41.0, 975.2
-316.7, -9.8, 952.7
-292.8, -19.5, 964.0
-330.4, 10.7, 991.3
-312.3, 35.1, 995.7
-284.0, 76.1, 1008.8
-245.0, 86.8, 1004.5
-221.6, 113.2, 954.2
-229.4, 129.3, 945.9
-265.5, 110.7, 936.2
-179.1, 122.4, 949.3
-161.5, 136.1, 968.8
-202.0, 202.9, 957.6
-170.3, 256.6, 1021.5
-90.8, 242.5, 884.9
-154.2, 257.1, 984.5
-147.9, 264.4, 895.2
-84.9, 328.3, 958.1
-130.8, 355.6, 986.9
-127.9, 367.8, 922.5
-133.7, 395.1, 989.3
-142.5, 423.0, 961.5
-129.8, 402.0, 1001.0
-119.6, 316.1, 999.6
-124.0, 273.2, 996.7
-132.7, 260.5, 997.1
-149.8, 282.9, 1000.1
-154.2, 305.4, 982.5
-162.5, 331.2, 962.0
-130.3, 336.1, 942.0
-116.1, 320.5, 915.7
-92.7, 287.3, 917.1
-102.5, 233.2, 916.2
-169.8, 156.1, 959.6
-186.4, 130.7, 1026.4
-130.3, 41.0, 958.6
-182.0, 163.4, 1013.2
-198.6, 71.7, 844.0
-194.7, 60.0, 940.1
-214.2, 2.9, 923.5
-223.5, -55.6, 938.1
-239.1, -99.0, 957.1
-247.4, -103.9, 966.9
-249.4, -112.7, 984.0
-321.6, -35.1, 979.1
-321.1, -1.0, 984.0
-311.8, 8.8, 965.9
-299.6, -6.3, 973.2
-312.3, -29.3, 1015.2
-326.5, -31.7, 1034.2
-269.9, -40.5, 1013.7
-244.0, -0.5, 1018.6
-239.6, 71.7, 1039.6
-267.4, 137.1, 993.2
-211.3, 211.7, 928.8
-129.3, 229.3, 973.2
-179.1, 220.0, 944.5
-160.1, 319.5, 998.1
-89.3, 316.1, 986.4
-133.7, 340.0, 974.2
-102.5, 353.7, 955.2
-61.5, 372.7, 977.6
-52.2, 443.0, 994.2
-78.6, 501.5, 1006.4
-50.8, 454.2, 977.6
-45.4, 411.2, 969.8
-52.7, 382.5, 972.3
-47.3, 363.4, 970.8
-68.8, 382.0, 935.7
-96.1, 350.8, 959.1
-99.6, 287.8, 950.3
-85.9, 190.7, 937.1
-29.8, 102.4, 964.9
-75.2, 62.9, 1068.4
-186.4, 96.6, 933.7
-120.5, 158.5, 841.5
-161.0, 141.0, 976.7
-234.2, 143.4, 956.2
-251.3, 155.1, 897.6
-189.3, 162.0, 966.4
-126.4, 147.8, 899.1
-204.5, 99.0, 998.1
-235.7, 71.7, 987.4
-213.7, 79.0, 977.6
-208.9, 11.2, 948.8
-,-,-
-187.9, 28.8, 912.3
-242.0, -6.8, 991.8
-253.3, -67.3, 967.9
-220.1, -123.4, 1017.1
-211.3, -161.0, 983.5
-245.5, -84.9, 999.6
-264.0, -43.9, 975.7
-249.4, -35.6, 963.5
-234.7, -41.5, 989.3
-227.9, -11.2, 1005.4
-223.5, 10.7, 1012.3
-185.0, 72.2, 982.0
-145.9, 107.3, 974.7
-189.8, 109.8, 941.0
-166.4, 118.5, 963.0
-83.9, 121.5, 957.6
-36.1, 136.6, 909.3
-91.7, 208.8, 901.0
-24.9, 265.4, 917.1
-66.4, 273.2, 982.0
-83.4, 259.5, 989.3
-31.2, 293.2, 941.0
-77.6, 364.9, 1021.5
-62.0, 414.7, 978.1
-70.8, 414.7, 978.6
-17.6, 402.5, 960.6
-19.5, 403.0, 989.3
-20.0, 291.7, 991.8
-31.7, 256.6, 976.2
-54.2, 251.2, 968.8
-74.7, 252.7, 941.0
-84.4, 245.4, 943.5
-87.8, 256.1, 950.8
-98.1, 265.9, 962.5
-93.2, 285.4, 981.5
-94.7, 285.9, 962.0
-94.7, 292.7, 952.3
-121.5, 302.5, 923.5
-152.7, 289.8, 923.5
-155.7, 244.4, 941.0
-143.5, 121.5, 963.5
-160.6, 108.8, 1048.4
-249.9, 204.9, 1015.7
-209.4, 190.7, 850.3
-203.5, 182.9, 957.1
-233.8, 214.6, 1001.0
-212.3, 137.6, 996.2
-236.2, 101.5, 973.7
-268.9, 92.2, 951.8
-272.8, 79.5, 957.6
-278.2, 63.9, 948.4
-253.8, 53.2, 954.7
-244.5, 2.9, 962.5
-273.3, 48.3, 987.9
-276.2, 60.5, 973.7
-269.9, 67.3, 973.7
-250.8, 42.9, 982.0
-264.5, 31.2, 995.2
-237.2, 23.4, 995.7
-232.8, 21.5, 968.8
-195.2, 24.9, 952.3
-146.4, 53.7, 959.6
-200.6, 215.6, 1104.5
-212.8, 272.2, 904.9
-173.7, 312.2, 941.0
-141.5, 353.2, 963.5
-102.5, 372.2, 930.3
-91.3, 419.5, 955.7
-35.6, 459.5, 957.6
-15.1, 493.7, 931.8
-57.6, 535.6, 979.1
-53.7, 568.3, 986.4
-12.2, 501.5, 980.1
-23.9, 463.0, 995.2
-18.5, 458.1, 947.4
-18.1, 461.5, 909.3
2.4, 456.1, 889.3
17.6, 432.7, 882.0
6.8, 396.6, 855.2
-14.6, 348.8, 898.1
-34.2, 305.4, 915.7
-113.2, 265.4, 940.6
-152.7, 210.3, 950.3
-116.1, 243.9, 888.8
-238.6, 257.6, 988.8
-160.6, 212.2, 946.9
-187.4, 195.6, 984.9
-300.6, 173.7, 965.4
-263.5, 146.4, 942.0
-198.1, 10.7, 874.2
-317.7, -43.4, 1091.3
-325.5, -75.1, 1037.6
-278.6, -73.2, 960.6
-306.0, 6.8, 1027.9
-292.8, 38.1, 994.7
-236.2, 33.7, 978.6
-223.0, 40.5, 976.2
-231.3, 68.8, 996.7
-198.6, 92.2, 977.6
-183.0, 144.4, 984.0
-168.4, 207.3, 982.5
-146.4, 251.2, 971.8
-74.2, 380.0, 927.9
-88.3, 390.3, 923.5
-62.5, 398.1, 967.4
-24.9, 405.9, 955.2
-50.3, 414.2, 1001.0
-32.7, 437.1, 1000.6
-50.8, 481.5, 1010.8
-41.5, 441.0, 994.7
-31.2, 409.3, 989.8
-10.2, 384.9, 959.6
0.5, 401.5, 946.9
1.0, 397.1, 931.3
1.0, 388.8, 903.0
-2.4, 367.3, 909.8
-39.5, 286.4, 892.7
-101.0, 147.3, 937.1
-77.6, 170.3, 900.1
-25.4, 97.6, 944.9
-,-,-
-115.7, 69.8, 947.9
-137.1, 7.8, 969.3
-124.9, 17.1, 991.3
-102.5, 14.6, 931.3
-149.8, -43.4, 1003.5
-161.0, -74.2, 986.9
-175.2, -30.2, 1003.0
-177.1, 38.5, 988.8
-203.0, 107.8, 971.8
-195.7, 111.2, 940.1
-188.9, 90.7, 978.1
-184.0, 86.8, 1024.0
-181.5, 82.9, 1020.6
-162.0, 76.1, 1007.9
-149.3, 74.2, 1026.4
-129.8, 119.5, 991.3
-125.9, 144.9, 992.7
-100.0, 190.7, 977.6
-68.3, 220.5, 933.7
-64.9, 241.0, 940.6
-78.1, 275.6, 938.6
-16.1, 275.1, 925.9
-22.9, 294.7, 938.1
-43.9, 305.9, 956.2
-54.7, 309.3, 985.4
-11.2, 317.1, 973.2
-25.4, 366.9, 1032.3
-41.5, 402.0, 1008.4
-28.3, 444.9, 1006.9
-23.9, 366.4, 984.5
-29.3, 359.0, 995.7
-31.2, 373.2, 986.9
-30.3, 378.6, 989.3
-40.0, 384.4, 960.6
-43.4, 372.2, 921.0
-32.7, 296.1, 875.7
-24.9, 239.5, 934.7
-45.9, 159.0, 922.5
-108.8, 59.0, 919.1
-180.6, 57.6, 987.4
-188.9, 33.7, 935.7
-152.3, -27.3, 922.5
-163.0, -72.2, 968.4
-177.6, -79.0, 947.9
-182.5, -25.4, 961.5
-196.7, 27.3, 958.1
-219.6, 57.1, 954.7
-205.9, 76.1, 975.7
-204.0, 98.1, 968.8
-169.3, 106.8, 930.3
-161.5, 123.4, 930.3
-141.5, 142.0, 947.9
-209.4, 159.5, 994.2
-171.3, 194.2, 1038.1
-178.6, 254.2, 1095.2
-160.1, 278.1, 1092.3
-204.0, 216.1, 1077.6
-165.4, 224.9, 1049.8
-155.7, 240.0, 1054.2
-128.8, 224.9, 966.4
-85.4, 253.7, 948.8
-91.3, 301.5, 938.1
-81.5, 313.7, 935.2
-94.7, 352.7, 959.1
-75.6, 356.6, 941.0
-61.0, 380.0, 976.2
-58.6, 306.4, 972.7
-56.6, 289.3, 978.1
-42.9, 283.4, 974.2
-47.3, 280.5, 960.6
-40.0, 286.4, 952.3
-35.6, 289.3, 939.6
-48.3, 289.8, 946.4
-51.7, 288.3, 943.0
-57.6, 272.2, 959.1
-51.2, 231.7, 945.9
-67.3, 204.4, 984.0
-103.0, 154.6, 928.8
-84.4, 114.6, 964.9
-108.3, 135.6, 981.5
-103.0, 99.0, 929.8
-144.4, 123.4, 968.8
-123.0, 107.8, 937.1
-103.9, 52.2, 919.6
-156.2, 7.8, 954.7
-149.8, -12.7, 947.9
-139.6, 9.8, 969.3
-155.7, 51.7, 993.2
-184.0, 86.8, 998.6
-175.2, 97.6, 997.6
-154.7, 89.3, 990.8
-157.1, 76.1, 985.4
-155.2, 75.6, 998.6
-120.0, 119.0, 977.1
-114.2, 175.1, 968.4
-122.0, 212.7, 955.7
-143.5, 240.0, 946.9
-146.9, 239.0, 962.5
-112.7, 230.3, 967.4
-123.5, 231.7, 1008.4
-124.4, 225.9, 965.4
-129.3, 254.7, 984.9
-137.6, 269.8, 999.1
-121.5, 306.4, 998.6
-127.4, 306.4, 1002.0
-123.5, 320.5, 1002.0
-107.8, 326.9, 1010.3
-104.9, 334.7, 997.1
-101.0, 338.1, 983.0
-82.0, 310.8, 981.5
-82.5, 300.5, 980.6
-85.9, 307.3, 984.0
-93.2, 341.0, 993.2
-91.3, 353.7, 988.8
-95.6, 361.5, 985.4
-94.2, 355.6, 965.4
-86.9, 357.1, 954.7
-81.0, 333.2, 958.6
-64.9, 310.8, 960.6
-94.2, 295.1, 957.1
-,-,-
-119.1, 274.2, 951.8
-108.8, 199.0, 989.8
-180.6, 192.2, 925.4
-89.8, 187.8, 891.8
-73.2, 167.3, 905.4
-193.7, 143.9, 990.8
-209.4, 49.8, 926.4
-151.8, 34.1, 946.9
-149.3, 3.9, 1002.0
-183.5, 36.6, 976.7
-169.3, -21.0, 865.9
-150.8, -95.6, 970.3
-253.8, 23.9, 977.6
-218.1, 68.8, 958.1
-191.3, 74.6, 965.9
-201.1, 60.0, 974.7
-185.4, 41.0, 977.6
-185.9, 34.6, 1003.5
-198.1, 62.0, 1019.1
-207.4, 72.7, 1000.6
-205.9, 117.1, 963.0
-177.6, 134.6, 973.7
-165.4, 87.8, 965.4
-163.0, 149.3, 989.8
-197.2, 135.1, 967.4
-150.8, 94.6, 946.9
-152.3, 106.8, 953.7
-130.3, 153.2, 1001.5
-170.3, 165.9, 976.2
-103.0, 133.7, 968.4
-46.8, 192.7, 952.7
-59.5, 234.6, 956.6
-99.1, 260.0, 934.7
-37.1, 302.5, 981.5
7.3, 352.7, 1051.3
-67.8, 406.9, 995.7
-43.9, 456.1, 1002.5
-16.1, 488.8, 1012.8
-30.3, 535.2, 1014.2
14.2, 386.4, 992.3
13.2, 346.4, 968.4
-29.8, 348.8, 986.4
-47.3, 349.3, 966.9
-28.8, 350.3, 959.6
-2.0, 339.5, 947.9
-19.5, 328.8, 937.1
-15.1, 298.1, 942.5
0.0, 249.8, 956.6
-81.0, 162.0, 1020.6
-105.9, 216.6, 949.8
-104.9, 269.8, 976.7
-83.0, 211.7, 962.5
-187.9, 205.9, 967.9
-185.9, 154.6, 957.6
-32.2, 168.8, 883.0
-124.4, 133.7, 955.7
-231.8, 89.3, 992.7
-97.1, -8.8, 970.8
-135.2, -47.8, 867.9
-41.0, -440.5, 921.5
-195.7, -213.7, 1108.9
-255.2, -25.9, 953.2
-258.2, 140.5, 944.9
-227.4, 139.5, 928.4
-191.8, 92.7, 988.4
-137.1, 37.1, 997.6
-158.1, 28.3, 1021.0
-186.4, 42.9, 1032.8
-204.5, 68.3, 1032.8
-217.6, 74.6, 1029.8
-205.0, 84.9, 1031.8
-198.1, 86.3, 1008.8
-201.5, 80.0, 993.2
-177.6, 82.0, 999.1
-134.7, 49.3, 968.8
-119.6, 15.6, 944.5
-123.5, 30.7, 993.2
-93.7, 61.0, 998.1
-84.4, 70.7, 949.8
-113.2, 74.6, 926.9
-89.3, 102.0, 941.0
-119.6, 127.8, 983.5
-110.3, 112.2, 969.8
-55.1, 78.1, 959.6
-64.9, 129.8, 991.8
-97.1, 206.4, 1028.4
-87.4, 209.8, 1002.5
4.9, 217.1, 982.0
-67.8, 240.0, 1006.9
-83.0, 266.8, 979.1
-12.7, 289.3, 956.2
13.7, 347.8, 972.7
-42.9, 396.6, 984.5
-14.6, 421.5, 974.7
30.7, 376.6, 1018.6
7.8, 308.8, 1021.0
1.0, 294.2, 1021.5
-0.5, 286.4, 1012.8
-1.0, 280.5, 1001.0
12.7, 261.0, 978.6
28.3, 253.7, 969.3
28.8, 252.7, 959.1
22.9, 228.8, 933.7
14.6, 200.5, 946.4
10.2, 88.3, 995.2
-38.1, 130.3, 1007.9
2.4, 104.4, 914.2