-,-,-
595.8, 209.3, -743.0
581.7, 256.1, -781.0
601.7, 236.1, -802.5
595.8, 243.9, -797.6
589.0, 215.6, -782.0
600.7, 202.5, -776.6
595.8, 211.2, -773.2
618.3, 195.6, -771.8
614.4, 211.7, -762.0
606.1, 204.4, -758.6
598.8, 224.4, -758.6
602.7, 241.0, -757.6
625.1, 256.1, -723.5
630.0, 253.7, -702.0
638.3, 257.6, -712.2
631.5, 249.3, -709.3
624.6, 247.3, -719.6
614.9, 240.5, -741.5
613.9, 232.7, -757.6
613.9, 231.2, -764.9
617.8, 227.3, -772.2
620.7, 231.7, -772.2
620.7, 232.2, -767.4
604.6, 245.9, -774.2
591.5, 230.3, -750.3
590.5, 239.0, -744.4
595.8, 244.4, -745.4
608.5, 242.5, -732.7
613.4, 233.2, -735.2
622.7, 226.4, -740.5
607.1, 201.5, -748.8
617.8, 157.6, -746.9
587.1, 162.9, -753.7
593.9, 175.1, -793.2
614.4, 151.2, -763.5
584.1, 202.0, -749.3
616.3, 201.0, -754.2
600.7, 202.9, -754.2
589.5, 206.4, -757.1
593.4, 209.8, -759.6
594.9, 219.0, -752.2
598.3, 229.3, -749.8
603.7, 246.8, -742.0
591.5, 248.8, -738.6
601.7, 246.8, -730.3
600.7, 221.0, -728.3
621.2, 211.7, -744.0
608.0, 222.9, -767.4
627.6, 171.2, -772.7
617.3, 171.7, -782.5
593.9, 174.2, -776.1
601.7, 179.0, -759.6
590.0, 185.4, -762.0
590.0, 191.7, -756.1
604.6, 170.7, -746.9
597.8, 187.8, -744.0
598.8, 191.2, -729.3
607.6, 161.5, -722.0
604.6, 149.3, -702.0
585.1, 144.9, -712.7
591.9, 147.3, -712.2
599.8, 142.9, -720.5
604.6, 146.8, -720.5
597.3, 146.4, -719.6
596.3, 157.6, -717.6
590.0, 172.2, -718.1
593.4, 179.5, -718.6
593.4, 181.0, -724.9
599.3, 165.4, -746.9
599.3, 170.7, -753.2
594.4, 172.7, -762.0
589.5, 160.5, -757.1
594.9, 169.8, -757.1
602.7, 161.5, -756.6
600.7, 160.0, -752.7
614.4, 143.9, -752.2
598.8, 152.2, -755.7
592.4, 142.0, -751.3
607.1, 153.2, -750.3
588.5, 161.0, -765.9
610.5, 139.5, -736.6
580.7, 136.1, -737.1
588.5, 170.7, -758.1
592.9, 174.2, -754.2
585.6, 203.9, -730.8
516.3, 380.0, -802.5
564.6, 230.7, -707.9
568.0, 280.0, -770.8
592.9, 225.4, -767.9
563.6, 250.7, -755.2
570.0, 255.1, -776.1
579.3, 239.0, -789.8
597.8, 247.3, -782.0
599.3, 253.2, -790.3
587.1, 251.2, -799.6
583.6, 223.9, -784.0
575.8, 213.7, -784.4
585.1, 208.8, -778.1
583.6, 211.7, -775.2
584.1, 214.2, -781.5
599.3, 223.9, -784.4
597.8, 227.3, -791.8
583.2, 215.6, -773.7
584.1, 223.4, -767.4
587.1, 231.2, -781.0
594.9, 220.5, -769.3
606.1, 218.1, -774.2
603.7, 228.8, -780.5
602.2, 205.4, -768.3
605.1, 212.2, -766.9
617.8, 222.0, -762.5
615.9, 223.4, -758.1
608.5, 247.3, -739.6
612.0, 269.3, -735.2
622.7, 287.8, -719.6
622.2, 280.5, -724.0
636.4, 263.9, -717.1
633.4, 247.3, -709.8
640.3, 235.1, -706.4
638.3, 239.5, -709.8
-,-,-
646.1, 235.1, -709.8
632.9, 240.0, -707.4
627.6, 241.5, -716.1
618.8, 233.2, -729.3
610.0, 233.2, -749.3
602.2, 229.8, -763.5
605.1, 220.5, -774.2
598.3, 213.2, -776.6
584.6, 214.2, -772.2
596.8, 206.8, -766.9
592.4, 195.1, -752.2
595.4, 191.7, -755.2
595.8, 180.0, -756.1
603.7, 162.0, -757.1
591.5, 181.5, -757.6
577.3, 186.8, -778.1
589.0, 196.1, -773.2
570.0, 226.4, -771.3
590.0, 214.2, -777.6
589.5, 203.4, -775.7
603.2, 227.8, -758.1
598.3, 216.6, -770.3
598.3, 293.7, -733.7
571.9, 276.1, -731.8
587.6, 274.7, -712.2
574.9, 280.5, -709.3
615.9, 224.9, -702.5
624.2, 197.6, -741.5
622.7, 197.1, -755.7
639.3, 97.6, -747.9
606.1, 118.5, -763.0
623.2, 113.7, -785.9
599.8, 149.3, -762.0
591.5, 151.7, -769.3
597.3, 178.5, -760.5
592.9, 184.4, -749.8
586.1, 192.2, -742.5
589.0, 207.8, -738.6
580.7, 210.7, -724.4
592.4, 188.8, -726.4
594.9, 163.4, -726.9
602.7, 143.4, -718.1
607.1, 134.2, -707.9
600.7, 163.9, -696.1
601.7, 182.0, -694.7
596.8, 185.9, -690.8
594.4, 185.4, -696.6
587.1, 175.6, -705.9
592.4, 168.8, -715.2
597.8, 162.0, -735.2
610.0, 156.6, -763.0
614.4, 161.0, -772.7
601.2, 166.8, -780.5
597.3, 160.5, -771.3
586.1, 163.9, -773.7
584.6, 139.5, -783.5
579.7, 122.4, -776.1
619.8, 140.0, -777.1
602.2, 140.5, -776.6
605.1, 169.8, -778.6
622.7, 187.3, -731.3
572.4, 236.6, -753.2
597.8, 229.3, -766.9
586.6, 182.0, -733.2
578.8, 251.2, -723.5
590.5, 228.8, -792.7
627.6, 192.7, -763.0
590.5, 228.3, -754.2
599.3, 230.3, -786.4
573.4, 226.4, -757.1
588.5, 205.9, -762.5
591.0, 251.2, -742.5
598.8, 236.6, -753.2
595.4, 231.7, -783.5
612.9, 211.2, -773.2
603.7, 201.5, -775.7
584.1, 178.5, -769.8
582.7, 181.0, -771.8
582.7, 240.5, -780.5
576.3, 230.7, -763.0
585.1, 231.7, -771.3
604.1, 231.2, -780.5
598.8, 228.3, -781.0
600.2, 221.0, -780.5
600.2, 195.6, -758.1
592.4, 181.5, -742.0
599.3, 198.5, -747.4
606.6, 176.6, -759.1
617.3, 186.8, -756.6
611.0, 199.5, -744.0
615.9, 216.6, -749.8
601.2, 222.0, -722.0
600.7, 234.2, -734.2
596.8, 226.4, -723.5
604.6, 223.9, -731.8
609.0, 230.7, -746.4
616.3, 238.6, -754.2
625.6, 240.0, -759.6
626.1, 237.1, -748.3
620.7, 239.5, -743.0
628.1, 240.0, -724.9
640.7, 232.2, -711.3
642.7, 232.2, -713.2
648.6, 224.9, -700.5
641.2, 227.8, -703.0
639.3, 220.0, -713.7
633.4, 211.2, -744.4
627.6, 210.7, -738.6
622.2, 213.2, -737.1
625.1, 212.7, -746.4
632.0, 212.7, -731.3
622.7, 219.0, -745.9
625.1, 203.9, -740.5
613.9, 206.8, -745.9
613.9, 201.0, -734.7
617.8, 191.2, -715.2
618.3, 185.9, -710.3
629.0, 176.6, -731.8
627.1, 159.5, -728.8
613.4, 169.3, -742.5
-,-,-
599.8, 181.0, -772.2
581.7, 182.0, -774.7
597.3, 166.8, -780.1
587.6, 183.9, -770.8
596.8, 197.6, -767.4
605.6, 221.0, -750.3
614.4, 244.9, -753.7
596.3, 260.0, -737.6
584.6, 267.8, -734.2
567.1, 271.7, -739.6
585.6, 230.7, -762.5
582.2, 202.0, -772.7
593.4, 226.4, -787.4
614.4, 199.5, -781.0
598.8, 184.9, -791.3
614.9, 177.1, -772.7
592.4, 182.0, -767.4
576.8, 182.9, -770.3
592.9, 189.8, -788.8
603.7, 173.2, -781.5
574.4, 175.6, -782.0
587.6, 185.4, -772.2
580.7, 213.2, -763.5
576.3, 223.4, -736.6
572.9, 213.7, -739.1
564.6, 205.9, -743.5
577.3, 190.3, -758.1
577.8, 149.8, -767.4
577.8, 178.1, -766.4
571.4, 151.7, -749.8
579.7, 151.2, -734.7
581.2, 122.9, -730.8
588.0, 133.7, -732.7
581.7, 165.9, -733.7
574.9, 184.4, -736.6
571.0, 189.8, -735.7
575.4, 188.3, -741.5
576.8, 180.5, -746.4
582.7, 170.7, -749.8
581.7, 162.0, -749.3
584.6, 165.4, -757.6
584.1, 166.4, -758.1
605.1, 157.6, -775.2
599.8, 154.2, -769.3
578.8, 167.8, -776.6
575.8, 155.6, -772.7
565.1, 182.0, -771.8
578.3, 166.8, -773.2
566.1, 179.5, -768.3
590.5, 182.0, -764.9
584.6, 186.4, -759.1
554.4, 218.6, -776.6
571.0, 215.6, -730.3
559.7, 215.6, -757.1
568.0, 244.4, -731.3
551.4, 275.1, -747.9
558.8, 263.9, -781.0
571.9, 214.2, -761.0
574.9, 215.1, -755.7
579.7, 182.5, -766.9
581.7, 193.7, -781.0
571.4, 197.6, -762.0
575.4, 259.0, -752.7
553.9, 266.4, -796.6
573.9, 234.2, -794.7
561.7, 253.2, -774.7
568.0, 260.5, -795.2
564.1, 248.3, -791.8
558.8, 260.5, -789.3
584.6, 219.5, -787.4
593.9, 230.3, -792.7
600.7, 226.4, -788.3
589.0, 238.6, -795.2
584.6, 228.3, -784.9
588.0, 231.7, -774.7
600.7, 220.5, -769.8
609.5, 223.9, -754.2
602.2, 226.8, -746.9
604.1, 238.1, -752.2
614.4, 218.1, -744.4
600.7, 225.4, -753.7
602.7, 240.5, -743.0
605.6, 252.7, -739.6
609.5, 259.0, -730.8
619.8, 267.3, -713.7
618.3, 274.7, -713.2
612.9, 272.7, -717.1
612.4, 268.3, -721.5
615.9, 256.1, -728.8
612.4, 257.1, -735.7
604.1, 270.3, -755.7
606.1, 266.8, -753.7
604.6, 258.6, -752.2
602.7, 256.1, -749.3
611.0, 251.2, -751.3
613.4, 242.9, -750.3
581.7, 255.6, -757.1
599.8, 238.6, -765.4
610.0, 192.7, -752.7
601.2, 190.7, -764.0
609.5, 164.4, -780.5
595.8, 187.3, -789.8
607.6, 162.0, -787.9
602.7, 142.4, -777.6
572.4, 175.1, -783.5
582.2, 200.5, -771.3
573.9, 193.2, -762.5
594.9, 241.0, -765.4
574.4, 254.2, -753.2
579.3, 257.6, -755.7
579.7, 240.0, -758.6
572.4, 243.9, -766.4
563.6, 225.4, -765.9
580.7, 229.3, -767.4
583.6, 212.2, -757.6
585.6, 237.6, -754.2
607.1, 182.0, -748.8
590.0, 202.0, -761.5
595.8, 171.2, -765.9
611.0, 132.7, -753.7
-,-,-
595.4, 153.2, -771.3
596.8, 156.1, -787.9
583.6, 171.7, -779.6
582.2, 189.3, -771.8
587.1, 206.4, -763.0
572.9, 222.0, -751.3
567.5, 202.9, -752.2
558.8, 199.5, -759.1
585.1, 191.2, -766.9
583.6, 179.5, -765.4
584.1, 191.7, -755.7
583.6, 182.9, -746.9
584.1, 191.7, -736.1
571.0, 192.2, -724.9
574.4, 189.3, -729.8
577.3, 169.3, -734.7
576.3, 152.2, -744.9
576.3, 148.3, -741.5
588.0, 130.3, -747.4
585.6, 123.9, -747.4
580.2, 162.9, -740.5
579.7, 177.1, -744.9
578.8, 182.0, -740.5
573.9, 182.9, -745.9
563.6, 193.2, -763.5
585.6, 180.0, -759.1
582.2, 190.7, -762.5
601.2, 197.1, -766.9
575.8, 204.4, -787.4
582.2, 179.0, -765.9
571.9, 196.6, -767.4
567.1, 192.2, -762.5
567.1, 193.7, -759.1
595.8, 183.4, -773.7
602.2, 178.1, -781.0
599.8, 176.6, -782.0
580.2, 158.5, -765.9
569.5, 164.4, -767.4
584.6, 150.7, -761.5
572.4, 163.4, -756.1
586.1, 187.8, -761.0
579.3, 208.3, -744.0
583.6, 211.2, -740.5
557.3, 244.4, -750.8
557.3, 208.8, -733.2
538.3, 262.5, -756.6
510.0, 375.1, -785.9
582.7, 248.8, -775.2
559.7, 245.9, -721.0
564.6, 271.7, -769.3
598.3, 213.7, -793.7
576.3, 191.2, -775.7
579.3, 167.3, -788.8
590.5, 175.1, -783.0
590.0, 178.1, -782.0
583.2, 202.5, -782.0
589.0, 198.1, -803.5
554.4, 200.5, -783.5
576.3, 197.1, -793.7
588.5, 192.7, -794.7
572.9, 222.0, -789.3
562.7, 263.4, -772.2
591.5, 262.0, -787.9
590.0, 252.2, -763.0
616.3, 248.3, -752.2
612.4, 265.4, -761.0
606.1, 247.3, -754.7
622.7, 234.2, -751.3
616.8, 230.3, -752.7
610.0, 241.5, -753.2
620.2, 233.7, -746.9
621.2, 261.5, -733.7
626.1, 251.2, -728.3
630.0, 260.5, -723.0
639.8, 264.4, -727.9
638.8, 264.9, -729.3
635.4, 258.1, -725.4
628.1, 255.1, -724.4
628.5, 257.1, -723.0
620.7, 257.6, -723.5
612.0, 258.1, -728.8
621.7, 259.5, -729.3
613.4, 259.5, -735.7
608.0, 252.2, -729.8
617.8, 244.4, -717.6
606.1, 257.1, -737.1
620.7, 223.4, -746.4
620.7, 208.8, -756.1
603.7, 203.4, -768.8
599.8, 158.1, -782.5
605.1, 165.9, -789.8
602.2, 163.4, -784.0
591.9, 157.1, -762.0
599.8, 190.3, -763.0
609.5, 195.1, -759.1
597.8, 221.5, -767.9
593.4, 227.8, -755.7
585.6, 249.3, -764.9
582.7, 236.6, -764.9
572.4, 233.7, -781.5
587.6, 243.9, -774.7
577.8, 234.6, -764.9
591.9, 223.4, -762.0
599.8, 250.3, -766.9
596.8, 240.5, -762.0
591.9, 199.0, -750.3
590.5, 196.6, -776.6
609.5, 142.9, -774.7
595.4, 146.8, -782.5
585.1, 156.6, -795.7
589.5, 161.5, -773.2
590.0, 181.5, -773.7
588.0, 175.6, -766.4
571.9, 178.5, -744.9
576.8, 200.0, -747.9
571.9, 183.4, -740.5
571.4, 166.4, -742.0
570.5, 182.5, -731.3
571.0, 171.7, -743.0
574.9, 163.4, -730.3
-,-,-
563.2, 154.6, -731.8
579.3, 126.8, -730.8
570.0, 137.6, -732.2
577.8, 138.1, -735.2
575.4, 162.0, -736.1
571.0, 175.1, -744.0
569.5, 178.5, -753.7
580.2, 180.0, -761.0
582.2, 178.5, -771.3
575.4, 185.9, -775.2
579.3, 182.9, -777.6
576.3, 190.7, -778.6
574.4, 183.4, -777.1
576.3, 176.1, -780.5
584.6, 180.0, -782.5
586.1, 174.2, -770.8
584.1, 167.3, -774.7
581.2, 178.1, -765.9
585.6, 181.0, -755.7
579.7, 181.5, -752.2
583.6, 182.5, -748.8
588.5, 169.8, -759.1
590.5, 155.1, -753.7
589.0, 144.4, -752.7
571.9, 126.8, -742.5
603.7, 167.3, -754.7
578.3, 171.7, -724.0
551.0, 244.4, -741.0
578.8, 183.9, -734.2
567.1, 208.8, -719.6
542.7, 283.4, -725.9
560.7, 302.5, -765.4
576.3, 236.6, -784.0
573.4, 210.3, -739.1
588.0, 213.2, -803.0
567.5, 197.1, -774.2
575.4, 204.4, -778.6
579.3, 185.9, -785.4
572.9, 192.7, -777.6
570.5, 225.4, -777.1
567.1, 245.9, -827.4
556.3, 221.5, -781.5
551.4, 239.5, -780.1
581.2, 205.4, -793.2
581.2, 222.9, -794.7
588.5, 207.3, -797.1
576.8, 236.1, -787.9
593.9, 242.9, -791.3
595.8, 250.7, -786.9
594.4, 248.8, -785.9
590.5, 231.2, -787.9
602.2, 219.5, -777.6
613.9, 204.9, -786.9
599.3, 233.7, -764.4
613.4, 230.7, -752.7
615.9, 240.0, -739.6
619.8, 249.8, -739.1
617.8, 241.0, -727.9
613.4, 245.4, -725.4
618.8, 236.1, -728.8
615.9, 256.1, -726.9
624.2, 258.1, -733.7
620.7, 268.8, -729.8
626.1, 263.9, -723.5
617.3, 270.3, -718.1
615.9, 257.1, -712.2
612.9, 248.3, -724.4
606.1, 247.3, -730.3
598.3, 241.5, -734.2
589.0, 245.9, -748.3
598.3, 236.6, -764.4
608.0, 242.5, -771.3
603.2, 218.6, -754.7
591.0, 220.5, -751.8
602.7, 196.6, -752.7
595.8, 175.6, -760.1
600.2, 156.6, -784.4
589.0, 153.7, -797.6
582.2, 157.6, -795.7
592.9, 163.9, -787.9
573.9, 179.5, -785.9
578.3, 216.6, -764.9
569.0, 235.6, -757.6
554.9, 252.7, -764.4
560.2, 243.9, -776.1
564.6, 260.5, -777.6
561.7, 242.9, -774.7
584.1, 224.4, -782.0
575.4, 225.4, -790.3
575.8, 213.7, -772.2
574.9, 248.8, -760.1
563.6, 236.6, -764.4
578.3, 220.0, -758.6
584.6, 201.5, -767.4
581.2, 201.0, -796.6
612.9, 128.8, -789.8
590.0, 118.1, -768.3
592.4, 119.0, -778.6
576.3, 163.4, -778.1
559.7, 184.4, -764.9
565.1, 211.2, -770.8
565.6, 215.6, -773.2
567.1, 199.0, -784.0
568.0, 191.2, -775.7
565.6, 186.8, -758.1
570.0, 189.3, -757.1
566.6, 190.3, -740.0
560.7, 192.7, -735.7
549.5, 172.2, -737.6
566.6, 162.4, -741.5
569.5, 158.1, -746.4
575.8, 145.4, -748.8
571.0, 161.0, -744.0
568.0, 181.0, -744.0
568.5, 189.3, -739.1
564.6, 200.0, -739.1
560.2, 197.6, -742.0
557.8, 191.7, -744.9
577.3, 182.9, -772.2
578.8, 178.1, -784.9
-,-,-
577.8, 180.5, -791.3
571.4, 162.9, -792.2
566.1, 179.0, -789.8
567.1, 183.4, -790.8
572.4, 191.2, -789.8
578.3, 172.2, -776.1
570.5, 184.4, -774.2
584.1, 177.1, -762.0
569.5, 172.2, -770.3
573.4, 161.5, -758.6
558.8, 181.0, -752.2
584.1, 167.8, -746.9
555.8, 179.0, -765.4
581.7, 179.0, -733.2
566.6, 199.5, -733.2
583.6, 208.8, -736.6
558.8, 255.6, -726.4
563.2, 280.0, -822.5
560.7, 191.2, -756.6
544.6, 258.6, -744.0
575.4, 241.5, -805.9
558.3, 200.0, -775.7
536.3, 211.7, -765.9
571.0, 195.6, -782.5
554.4, 231.7, -778.6
557.8, 239.0, -823.5
551.4, 243.4, -807.4
591.0, 195.1, -807.4
541.7, 232.2, -789.8
562.7, 248.3, -792.2
573.4, 281.5, -806.4
569.5, 264.4, -790.8
583.2, 262.9, -785.9
596.3, 252.2, -778.1
596.3, 252.2, -781.0
609.0, 258.1, -775.7
616.3, 255.1, -760.1
615.9, 256.6, -759.1
620.7, 256.6, -762.0
625.1, 259.5, -753.7
617.8, 276.6, -752.7
620.2, 280.0, -747.4
631.5, 271.7, -742.0
625.6, 273.2, -735.2
633.9, 257.6, -727.4
633.9, 245.4, -724.9
628.1, 247.8, -723.0
622.2, 249.8, -723.5
622.7, 253.2, -715.7
611.5, 254.2, -705.9
614.4, 248.8, -705.4
622.2, 243.4, -700.5
602.7, 250.3, -700.0
598.3, 247.3, -703.0
599.3, 237.1, -726.4
593.9, 221.5, -744.4
587.6, 202.5, -755.7
576.8, 208.8, -778.6
585.1, 194.2, -786.4
595.8, 176.6, -798.1
592.4, 178.1, -792.7
583.6, 189.3, -787.9
584.1, 182.5, -768.3
580.7, 220.0, -786.9
574.9, 224.9, -773.7
570.5, 224.9, -787.9
577.8, 246.4, -787.9
583.2, 262.9, -785.4
599.3, 250.7, -781.5
590.5, 255.6, -764.4
586.1, 245.9, -753.2
587.1, 223.9, -763.0
595.4, 263.9, -745.9
588.0, 262.5, -742.0
590.5, 252.2, -754.2
585.6, 277.6, -754.7
576.8, 225.9, -756.1
593.4, 208.8, -770.8
566.6, 242.0, -785.9
598.3, 166.8, -783.5
592.4, 151.2, -772.2
572.9, 198.5, -784.4
569.0, 209.8, -776.6
564.1, 207.8, -764.4
562.2, 226.8, -770.8
550.5, 213.7, -771.3
544.1, 197.6, -762.5
554.9, 198.5, -756.1
570.0, 187.3, -777.1
574.9, 181.5, -764.0
562.7, 174.2, -757.1
576.8, 171.2, -732.2
566.1, 156.1, -730.8
556.8, 158.1, -738.1
566.1, 144.9, -733.7
565.1, 154.2, -731.3
563.2, 180.5, -736.1
566.1, 189.3, -739.1
566.1, 196.1, -733.7
568.5, 198.1, -740.5
577.8, 188.8, -759.1
583.2, 176.6, -773.7
575.8, 171.7, -779.1
581.7, 167.8, -785.9
585.6, 168.3, -784.0
588.0, 157.6, -786.4
585.6, 167.3, -783.5
590.5, 164.9, -780.1
580.2, 174.6, -764.9
577.3, 170.3, -756.1
573.9, 185.9, -747.4
588.0, 184.9, -747.4
590.0, 177.6, -745.9
572.4, 182.0, -737.6
571.9, 194.2, -740.5
558.8, 244.9, -720.5
570.5, 208.8, -724.9
579.3, 189.3, -736.6
566.6, 279.0, -702.5
603.7, 185.4, -747.4
-,-,-
530.9, 250.7, -711.8
570.0, 247.3, -771.3
576.8, 220.0, -765.9
572.4, 246.8, -753.2
600.7, 236.6, -775.2
584.6, 234.6, -769.3
581.2, 251.2, -763.0
589.0, 273.7, -799.6
594.4, 253.7, -766.9
603.7, 226.4, -766.4
592.4, 233.2, -762.0
596.8, 245.4, -758.1
614.4, 248.8, -763.0
607.1, 264.9, -742.5
620.7, 268.3, -745.9
619.8, 280.5, -738.1
609.5, 282.9, -732.2
608.0, 256.6, -743.0
615.9, 249.8, -758.6
611.0, 245.4, -759.1
603.2, 249.3, -753.7
610.5, 245.9, -759.6
606.6, 257.1, -752.2
600.7, 260.0, -751.8
605.1, 249.8, -753.7
601.2, 252.7, -752.7
605.1, 254.7, -753.7
606.6, 263.4, -752.7
606.1, 273.2, -744.0
603.7, 280.5, -745.4
600.7, 282.0, -737.6
606.6, 271.7, -723.0
608.5, 265.4, -735.7
611.5, 263.9, -732.7
610.5, 259.5, -740.5
602.2, 249.3, -749.3
603.2, 234.6, -763.5
596.3, 225.9, -760.1
612.4, 216.1, -761.5
603.7, 201.5, -766.9
598.3, 201.0, -759.1
611.5, 180.0, -769.3
589.0, 180.0, -765.4
575.4, 210.7, -773.7
581.2, 222.5, -763.5
576.3, 226.8, -775.7
577.3, 229.8, -774.2
582.7, 218.1, -773.2
580.7, 196.6, -784.0
575.4, 197.6, -779.1
561.2, 222.9, -766.4
571.0, 244.4, -762.5
563.6, 246.8, -772.7
565.6, 253.2, -779.1
566.6, 261.5, -763.0
607.6, 190.3, -765.9
589.0, 189.3, -763.0
590.0, 200.5, -774.7
601.2, 147.3, -782.5
620.2, 144.9, -749.8
587.1, 150.7, -770.3
581.2, 171.2, -777.6
580.2, 204.4, -757.6
571.9, 214.6, -760.5
567.1, 248.3, -753.2
561.2, 232.2, -750.8
563.6, 230.7, -745.9
578.3, 202.9, -752.7
571.9, 190.7, -763.5
575.4, 161.0, -749.8
575.4, 162.4, -760.1
585.6, 160.5, -756.6
577.8, 154.2, -745.9
578.3, 157.1, -740.5
566.1, 160.5, -733.2
569.5, 160.0, -724.0
566.6, 161.5, -723.0
568.0, 175.6, -721.0
568.0, 188.3, -729.3
564.1, 189.8, -735.7
567.1, 188.3, -740.0
568.0, 183.9, -753.7
580.7, 181.0, -766.4
585.1, 178.5, -774.7
596.3, 174.2, -771.8
596.8, 164.9, -774.7
604.6, 159.5, -767.9
597.3, 164.9, -774.7
585.6, 166.4, -769.8
598.3, 171.7, -758.6
582.7, 181.0, -755.7
585.6, 174.6, -742.0
571.4, 207.3, -734.7
574.4, 205.4, -737.6
585.6, 213.7, -729.8
581.7, 218.6, -736.1
567.5, 203.4, -743.0
564.6, 213.2, -739.1
569.5, 209.3, -760.1
577.8, 209.8, -748.8
564.6, 211.2, -756.6
557.3, 209.8, -760.1
568.5, 190.7, -754.2
571.9, 242.0, -742.5
536.3, 265.4, -806.9
564.1, 199.0, -763.0
539.7, 238.1, -770.3
577.3, 228.3, -790.8
576.8, 218.1, -790.8
562.2, 224.9, -791.3
576.3, 218.1, -789.3
569.5, 217.1, -778.6
570.5, 229.3, -789.8
554.4, 231.7, -814.7
574.4, 208.8, -789.8
569.5, 237.1, -794.7
583.2, 238.6, -793.7
568.0, 263.9, -794.2
569.5, 287.8, -787.4
570.0, 301.0, -773.2
-,-,-
578.3, 307.8, -761.0
593.4, 305.4, -764.4
592.4, 290.3, -760.5
592.9, 284.9, -760.5
600.7, 276.6, -751.8
608.5, 270.7, -758.6
606.6, 266.4, -754.2
604.1, 274.2, -754.2
610.5, 268.8, -754.7
603.2, 263.4, -749.3
604.6, 262.0, -749.8
609.5, 264.4, -743.0
607.6, 267.3, -739.1
606.6, 276.6, -738.6
600.7, 280.0, -735.7
597.8, 277.1, -731.3
594.4, 286.8, -732.2
588.0, 282.5, -728.3
594.4, 270.7, -750.3
594.9, 256.6, -744.4
593.4, 262.5, -759.1
597.3, 238.6, -756.6
580.7, 241.0, -762.0
575.4, 233.7, -764.9
567.5, 227.8, -762.5
559.2, 231.7, -772.7
564.1, 225.9, -782.0
556.3, 213.2, -796.2
553.9, 256.1, -816.6
571.9, 220.5, -806.9
559.7, 229.3, -797.1
549.0, 247.8, -784.0
546.6, 248.3, -785.9
547.0, 223.9, -797.6
546.6, 228.3, -778.6
548.0, 248.3, -791.3
559.2, 268.8, -778.1
564.1, 221.5, -781.0
556.3, 223.9, -778.6
551.0, 265.9, -784.9
566.6, 200.5, -798.1
558.8, 188.3, -773.7
567.1, 176.6, -782.5
552.9, 210.3, -801.5
559.2, 202.0, -792.2
562.2, 213.2, -769.8
554.9, 213.7, -784.0
543.1, 227.3, -787.4
540.2, 248.3, -784.9
536.8, 209.8, -789.8
550.0, 221.0, -777.6
552.9, 212.2, -776.1
544.6, 225.9, -766.9
562.2, 198.5, -754.2
559.7, 174.2, -749.8
565.1, 153.2, -756.1
573.4, 128.8, -744.4
573.9, 147.3, -744.0
562.7, 176.6, -739.1
566.6, 196.1, -740.5
562.2, 209.8, -731.8
557.8, 220.5, -735.2
557.8, 218.1, -734.2
562.7, 214.6, -738.1
568.0, 208.3, -747.4
589.0, 186.4, -765.4
585.6, 171.2, -772.7
591.5, 181.5, -772.7
576.3, 192.7, -772.7
578.3, 195.6, -769.8
572.9, 209.8, -768.8
575.8, 208.8, -767.4
570.5, 205.4, -764.0
572.4, 219.0, -765.4
570.0, 211.2, -756.1
567.1, 201.0, -760.5
571.9, 199.5, -754.2
569.5, 199.0, -759.6
583.6, 197.1, -763.5
573.4, 186.4, -761.5
569.0, 181.5, -760.5
565.6, 203.9, -752.2
557.3, 221.0, -748.3
574.9, 230.7, -785.9
548.5, 252.7, -751.3
562.2, 248.3, -745.9
543.1, 276.1, -756.1
552.9, 288.8, -764.4
575.4, 267.3, -751.3
540.7, 273.7, -776.6
580.7, 216.6, -771.8
562.7, 229.8, -780.1
570.5, 229.8, -782.0
581.2, 235.1, -782.5
574.9, 218.1, -774.2
566.1, 238.1, -766.9
580.7, 227.8, -775.2
578.8, 223.9, -762.0
569.5, 243.9, -760.1
581.2, 235.6, -769.8
571.4, 235.1, -766.9
571.9, 252.2, -772.7
569.5, 237.1, -788.8
570.0, 231.2, -775.7
560.7, 244.4, -787.4
568.5, 229.3, -788.8
562.2, 237.6, -776.6
577.3, 242.5, -788.3
566.6, 250.7, -781.5
560.7, 253.2, -774.7
545.6, 253.2, -778.1
551.4, 255.1, -780.5
550.5, 255.6, -781.5
559.7, 260.0, -782.0
560.7, 256.1, -773.2
561.7, 242.5, -772.7
561.7, 242.5, -781.0
570.5, 228.8, -783.5
567.5, 226.4, -779.1
564.1, 237.6, -787.4
-,-,-
567.5, 239.5, -769.3
571.0, 246.8, -769.8
566.6, 244.9, -771.3
568.0, 246.8, -765.4
569.5, 267.3, -764.0
575.8, 271.2, -770.8
578.3, 273.7, -761.0
586.1, 279.0, -757.6
598.8, 287.3, -746.9
593.9, 289.8, -744.0
591.9, 291.2, -746.4
596.8, 282.5, -740.0
591.9, 282.9, -738.1
595.8, 285.9, -731.8
603.7, 275.6, -722.0
597.3, 273.7, -720.5
593.4, 266.8, -720.0
583.2, 271.2, -731.3
579.3, 264.4, -760.5
576.3, 236.6, -766.9
564.6, 243.9, -790.8
579.7, 214.2, -787.4
577.3, 205.4, -771.8
581.7, 211.2, -783.5
573.4, 191.2, -773.2
565.6, 205.4, -761.0
559.2, 234.2, -770.8
559.7, 237.1, -769.3
551.4, 231.7, -769.3
537.3, 246.4, -792.2
543.1, 238.6, -803.5
544.1, 255.1, -809.8
551.0, 255.1, -813.7
528.5, 259.0, -801.5
534.8, 257.6, -803.5
530.0, 280.5, -799.6
528.5, 309.8, -786.9
541.7, 283.4, -782.5
557.3, 230.7, -789.8
536.3, 200.5, -788.3
536.8, 253.2, -805.4