-,-,-
817.4, 404.4, -495.6
805.7, 423.4, -507.4
788.1, 435.2, -504.9
800.8, 448.3, -514.2
777.4, 443.9, -492.2
803.2, 386.4, -498.1
750.1, 360.0, -549.8
704.7, 382.5, -531.7
755.9, 353.2, -522.5
733.5, 331.7, -520.5
739.8, 347.8, -514.7
728.1, 336.1, -519.5
734.0, 344.9, -516.1
738.8, 316.1, -515.6
719.8, 296.6, -528.8
720.8, 286.8, -527.8
702.7, 281.0, -527.4
704.2, 304.9, -518.6
720.8, 305.9, -511.7
713.0, 303.9, -523.4
723.2, 334.7, -518.1
714.4, 349.3, -518.1
707.6, 361.0, -532.7
723.7, 358.1, -524.9
724.7, 364.4, -526.9
745.2, 385.4, -534.2
751.5, 381.5, -535.2
749.6, 355.1, -551.3
760.8, 371.7, -542.0
779.3, 348.8, -534.7
793.0, 369.3, -516.6
814.0, 357.6, -515.6
812.0, 376.6, -514.2
799.8, 388.3, -519.5
794.5, 385.9, -519.1
794.0, 365.9, -530.8
766.2, 341.0, -539.1
820.8, 356.6, -515.6
789.6, 347.3, -515.2
796.4, 355.1, -535.2
780.3, 378.6, -511.3
761.8, 353.7, -525.4
752.0, 345.9, -544.9
767.1, 327.3, -553.2
731.0, 311.7, -525.9
737.9, 312.2, -550.8
723.7, 272.2, -524.9
732.0, 262.5, -524.4
767.1, 317.1, -484.4
784.7, 287.8, -482.5
742.2, 288.8, -504.4
754.4, 330.8, -513.2
734.4, 331.7, -526.9
727.1, 327.3, -554.7
726.1, 350.3, -563.5
726.6, 399.5, -563.9
722.2, 416.6, -552.7
732.0, 280.5, -582.5
706.6, 293.2, -571.3
737.9, 361.5, -532.7
742.7, 384.9, -521.0
750.1, 180.5, -545.9
726.6, 259.0, -562.5
746.6, 307.3, -507.4
743.7, 308.3, -544.4
744.7, 316.6, -549.8
733.0, 323.9, -563.5
719.3, 325.9, -572.2
726.1, 328.8, -559.5
727.6, 318.1, -557.6
742.2, 326.4, -539.1
737.9, 330.3, -534.7
718.3, 328.3, -555.2
692.0, 316.1, -573.2
721.3, 289.8, -572.2
743.2, 279.5, -555.6
736.4, 279.5, -549.3
712.0, 282.9, -563.0
698.8, 274.2, -571.3
673.0, 336.6, -568.3
698.3, 287.8, -589.3
706.6, 331.7, -568.3
705.6, 327.8, -586.4
773.0, 407.3, -509.8
738.8, 342.9, -548.8
720.8, 353.7, -571.7
722.7, 339.5, -577.6
708.6, 383.4, -570.8
647.1, 336.1, -625.9
636.8, 388.3, -614.2
652.5, 376.6, -629.8
683.7, 379.0, -627.8
699.8, 391.2, -617.1
673.0, 353.2, -642.5
661.2, 356.1, -641.5
642.2, 342.0, -642.0
661.7, 348.8, -631.7
706.6, 345.4, -608.8
710.5, 336.6, -598.6
725.7, 327.8, -605.9
704.7, 317.6, -600.0
693.0, 323.4, -617.6
690.5, 335.1, -607.8
683.2, 327.8, -603.0
672.0, 330.8, -609.3
655.4, 306.4, -623.5
676.4, 325.9, -587.4
662.7, 343.9, -606.4
706.1, 367.3, -618.6
677.8, 394.2, -597.1
692.5, 389.3, -619.6
673.0, 374.7, -642.5
679.8, 400.0, -643.0
670.0, 389.3, -645.4
681.7, 360.5, -655.7
677.8, 390.3, -644.9
697.4, 389.8, -623.5
695.9, 379.0, -641.0
682.7, 363.4, -645.9
676.9, 351.2, -635.2
-,-,-
680.8, 348.8, -632.2
664.7, 354.7, -624.4
667.6, 340.5, -630.8
663.2, 362.5, -608.3
651.0, 335.1, -620.0
637.3, 354.7, -621.5
626.1, 344.9, -593.2
622.7, 354.7, -613.2
632.4, 362.5, -612.7
611.0, 346.9, -618.1
636.8, 396.6, -596.1
664.7, 395.1, -565.9
665.6, 353.7, -641.5
644.6, 387.3, -632.7
664.2, 396.6, -633.7
659.8, 410.8, -605.9
686.1, 382.5, -654.7
672.0, 411.7, -632.7
686.6, 410.8, -635.7
685.6, 402.0, -624.9
698.3, 388.8, -619.6
692.5, 396.1, -621.5
673.4, 381.5, -624.4
696.9, 372.7, -614.2
681.7, 362.5, -607.4
691.5, 370.3, -609.8
691.0, 385.9, -606.4
690.5, 385.4, -604.4
674.9, 401.5, -600.0
685.2, 414.2, -611.3
666.1, 446.9, -606.4
662.7, 437.6, -610.8
652.9, 414.2, -623.5
658.3, 412.2, -618.6
667.6, 424.9, -610.3
670.0, 422.0, -603.9
664.7, 419.5, -610.8
671.0, 434.2, -616.1
663.7, 440.0, -605.9
670.5, 414.2, -631.7
676.4, 435.6, -624.9
674.9, 446.9, -615.2
669.0, 460.0, -621.0
673.0, 463.4, -638.6
654.4, 460.5, -634.7
664.7, 453.2, -646.9
670.5, 439.5, -643.5
635.9, 383.4, -660.5
650.5, 413.2, -622.0
651.5, 426.4, -524.4
680.3, 333.7, -626.4
715.4, 328.8, -604.9
704.7, 340.0, -578.6
682.7, 345.4, -565.9
685.6, 281.0, -592.7
659.8, 332.7, -593.7
691.0, 370.8, -583.9
730.0, 348.3, -612.2
642.2, 338.6, -627.8
665.6, 359.5, -626.4
669.5, 380.5, -628.3
691.0, 361.0, -640.5
673.9, 359.0, -637.1
637.3, 350.3, -648.3
616.8, 320.0, -662.0
611.0, 333.2, -652.7
611.0, 364.9, -659.6
614.9, 380.0, -661.0
601.7, 423.0, -681.0
609.0, 390.8, -675.7
608.0, 338.6, -700.0
590.5, 334.7, -680.5
591.5, 326.9, -656.6
587.6, 283.4, -655.2
612.9, 274.7, -644.9
614.9, 307.8, -618.1
632.9, 320.5, -636.1
650.5, 334.2, -648.3
647.1, 352.2, -659.6
646.1, 360.5, -673.7
632.0, 393.2, -684.4
631.5, 358.1, -702.5
618.3, 375.1, -700.5
631.0, 386.4, -698.6
639.3, 405.9, -699.6
624.2, 397.1, -703.5
693.9, 377.1, -726.4
552.9, 420.5, -676.6
513.4, 196.1, -732.2
636.4, 357.1, -702.0
588.5, 376.6, -666.9
577.3, 352.2, -728.8
589.0, 346.4, -695.7
585.6, 341.0, -663.0
651.5, 370.3, -675.7
668.1, 348.8, -681.0
513.9, -124.9, -692.7
617.3, 184.4, -759.1
608.5, 119.5, -598.6
615.9, 300.0, -570.3
622.7, 264.4, -648.3
599.3, 319.5, -663.5
592.9, 326.4, -699.1
623.7, 330.3, -708.8
644.2, 336.1, -713.7
633.9, 345.4, -709.3
625.6, 351.7, -701.0
603.2, 329.8, -723.0
598.8, 317.6, -726.4
591.9, 317.6, -724.0
586.1, 308.3, -722.5
591.9, 313.7, -729.8
592.9, 315.1, -719.6
561.2, 313.7, -740.5
544.1, 318.6, -744.4
550.0, 313.2, -745.9
561.7, 314.2, -744.9
542.2, 292.2, -750.3
571.9, 293.7, -728.8
553.4, 265.9, -730.3
-,-,-
531.9, 257.6, -739.1
515.3, 238.6, -727.4
510.4, 242.0, -717.6
528.0, 219.0, -722.0
513.4, 254.2, -696.1
536.3, 237.6, -713.2
538.8, 218.1, -731.8
541.7, 245.9, -701.0
493.9, 278.6, -709.8
544.1, 298.6, -716.1
503.1, 362.0, -724.0
492.9, 408.3, -697.6
517.8, 357.6, -754.2
507.5, 346.4, -779.1
518.3, 407.3, -738.6
586.1, 378.6, -746.9
573.4, 382.0, -747.4
548.0, 397.1, -753.2
596.3, 406.4, -777.6
579.7, 376.1, -820.5
560.2, 382.0, -808.8
571.9, 382.5, -797.6
583.6, 377.1, -778.1
574.4, 377.6, -756.1
564.6, 356.1, -762.0
547.0, 338.6, -754.2
561.2, 337.6, -751.8
555.3, 327.3, -733.7
537.8, 330.8, -730.8
528.5, 320.5, -709.8
510.0, 302.0, -718.1
520.7, 292.7, -716.6
537.3, 277.6, -711.3
542.7, 285.4, -692.7
563.2, 253.2, -725.9
530.5, 271.7, -721.5
557.8, 281.0, -739.6
558.3, 318.1, -713.7
524.1, 330.3, -721.0
562.2, 334.2, -745.4
558.3, 349.3, -753.7
555.8, 394.2, -724.0
536.8, 384.4, -743.5
565.1, 379.0, -760.1
542.7, 408.3, -743.5
569.5, 400.0, -761.0
548.5, 402.5, -750.8
557.8, 398.1, -762.0
578.3, 392.7, -761.0
593.9, 378.6, -765.9
576.8, 377.6, -762.5
563.2, 372.2, -767.4
570.0, 358.6, -762.5
567.1, 360.5, -754.7
553.4, 345.4, -748.3
555.8, 327.3, -741.0
543.6, 330.3, -735.2
546.1, 326.9, -734.2
567.5, 336.6, -732.2
561.2, 337.1, -745.9
549.0, 319.5, -764.0
547.0, 329.3, -748.3
537.8, 346.4, -754.7
523.1, 375.1, -719.6
522.6, 346.4, -759.6
510.4, 350.8, -771.3
525.1, 360.5, -758.6
517.3, 348.8, -761.5
516.3, 334.2, -764.0
525.6, 335.1, -754.7
507.0, 322.5, -760.5
508.0, 324.4, -760.5
510.4, 331.7, -754.2
513.9, 326.4, -765.9
522.6, 348.3, -754.7
519.2, 342.5, -748.3
501.2, 350.3, -764.9
494.8, 363.4, -758.6
485.1, 378.6, -777.1
496.8, 374.2, -774.2
490.0, 395.6, -771.3
496.8, 389.8, -783.0
511.9, 391.7, -774.2
499.7, 389.3, -772.7
524.6, 375.6, -798.1
477.3, 363.9, -790.3
506.1, 351.2, -799.6
497.8, 346.9, -781.0
528.5, 334.2, -791.8
497.8, 324.4, -784.9
522.2, 341.5, -779.1
546.1, 322.9, -787.4
537.8, 338.6, -763.0
495.3, 315.6, -801.5
519.7, 351.2, -748.8
515.3, 347.8, -784.9
515.8, 341.0, -789.8
503.1, 358.1, -778.6
495.3, 336.1, -783.0
505.1, 349.8, -772.7
484.1, 320.5, -788.3
510.0, 296.6, -746.9
517.3, 284.9, -757.6
492.9, 274.7, -763.5
508.5, 270.7, -759.6
498.2, 299.5, -759.1
503.1, 260.0, -770.3
490.9, 304.9, -760.5
498.2, 301.5, -771.8
503.6, 304.9, -773.7
502.6, 329.8, -758.1
496.8, 343.9, -769.3
491.4, 358.6, -797.1
489.0, 340.5, -796.2
490.4, 327.8, -768.3
516.3, 344.4, -780.1
498.7, 337.6, -790.3
486.0, 363.4, -788.3
506.1, 300.5, -828.3
498.2, 355.6, -798.1
-,-,-
498.2, 372.7, -804.4
505.6, 292.7, -824.9
511.4, 317.1, -778.6
511.9, 323.4, -782.5
514.4, 323.9, -786.9
481.2, 283.9, -771.3
503.1, 304.4, -820.1
518.3, 293.2, -757.1
507.0, 248.8, -792.7
509.0, 262.5, -771.3
496.8, 276.1, -785.4
507.5, 274.7, -762.5
499.2, 304.9, -774.7
486.5, 274.2, -782.0
495.3, 318.1, -778.6
502.2, 301.5, -789.3
480.2, 306.8, -779.1
485.6, 318.6, -794.7
484.1, 351.7, -772.7
484.1, 334.7, -793.2
483.1, 349.8, -788.8
555.3, 108.8, -887.4
466.5, 312.7, -687.9
485.1, 312.2, -735.2
462.6, 283.4, -795.2
464.1, 329.8, -776.1
480.2, 353.7, -789.8
471.9, 364.4, -796.6
467.5, 383.0, -824.4
510.9, 272.2, -802.0
519.7, 370.8, -740.0
453.4, 305.4, -834.7
499.7, 259.0, -789.3
504.1, 334.7, -761.0
471.9, 293.2, -786.4
481.7, 242.5, -811.8
491.9, 283.9, -776.1
494.8, 301.0, -775.7
486.5, 312.7, -777.6
502.2, 311.7, -786.9
504.6, 315.1, -778.1
516.3, 318.1, -778.1
525.6, 315.1, -783.5
535.8, 313.7, -784.4
532.4, 304.9, -788.3
527.5, 297.6, -789.3
532.9, 287.8, -788.8
532.9, 273.7, -778.6
518.3, 275.1, -765.4
534.8, 316.6, -756.1
498.2, 291.7, -784.0
498.2, 308.3, -757.1
487.0, 323.9, -767.4
484.1, 317.1, -769.8
478.7, 321.0, -768.3
483.6, 346.4, -766.4
475.3, 318.6, -766.4
498.2, 319.5, -756.1
495.8, 312.7, -765.4
506.5, 318.6, -781.5
499.2, 333.7, -781.0
502.2, 365.9, -776.1
482.6, 352.7, -779.1
497.8, 341.5, -793.7
508.0, 352.2, -783.0
511.4, 351.2, -783.0
534.8, 316.1, -783.5
527.5, 322.9, -795.7
538.8, 320.0, -785.4
533.4, 328.3, -783.0
530.9, 321.0, -789.8
532.4, 328.3, -775.7
527.5, 319.5, -777.1
520.7, 302.0, -774.7
520.7, 309.3, -772.7
499.2, 305.9, -770.8
507.5, 319.0, -759.6
508.0, 309.8, -754.2
508.0, 296.6, -761.0
514.4, 298.1, -749.8
535.8, 313.2, -741.5
513.9, 305.4, -764.4
504.6, 315.1, -750.8
491.9, 316.1, -768.8
502.2, 328.3, -748.8
515.8, 323.9, -740.0
504.1, 341.0, -736.6
544.1, 312.2, -766.9
519.7, 349.3, -753.7
512.4, 354.7, -744.4
519.2, 317.6, -790.3
532.9, 355.1, -761.5
531.4, 342.5, -771.8
558.3, 338.6, -760.5
531.9, 330.3, -772.2
519.2, 353.2, -718.1
526.6, 338.1, -791.8
526.6, 357.1, -750.8
531.4, 350.3, -763.0
528.5, 359.5, -744.9
546.1, 328.8, -756.6
561.7, 327.8, -765.9
537.8, 329.3, -748.3
546.1, 312.7, -754.7
531.4, 324.4, -764.0
525.6, 365.4, -735.7
517.3, 364.9, -748.3
519.2, 374.7, -764.4
531.4, 390.8, -751.3
524.1, 374.2, -764.0
523.6, 375.1, -764.4
530.9, 355.6, -759.1
516.8, 352.7, -762.5
518.3, 353.7, -757.6
519.7, 360.5, -759.6
511.9, 362.5, -750.3
521.7, 348.3, -763.5
521.2, 355.1, -750.3
533.4, 353.7, -737.6
555.8, 352.2, -735.7
-,-,-
547.0, 352.7, -734.7
552.4, 333.7, -739.1
557.3, 334.2, -735.7
564.1, 320.0, -738.1
565.1, 324.9, -735.7
551.4, 323.4, -741.0
581.7, 352.7, -717.1
561.2, 329.3, -724.9
553.4, 325.9, -738.1
546.1, 345.4, -732.7
543.6, 347.8, -730.3
543.6, 350.3, -703.0
540.7, 349.3, -720.5
548.5, 362.0, -716.6
549.5, 385.9, -703.9
552.9, 360.5, -726.4
532.9, 354.2, -740.0
549.0, 359.5, -739.6
537.8, 374.2, -722.0
561.2, 374.7, -739.6
563.2, 366.4, -726.4
561.7, 363.9, -746.4
600.7, 383.0, -733.7
595.8, 423.9, -699.1
598.8, 426.9, -726.9
582.7, 435.2, -736.6
592.9, 422.5, -729.8
596.8, 432.2, -722.0
601.7, 441.5, -715.2
582.2, 423.9, -733.7
580.2, 423.0, -728.3
573.4, 411.7, -727.4
582.7, 433.2, -723.0
574.4, 403.0, -735.2
600.7, 414.7, -712.7
599.3, 403.9, -749.3
589.0, 402.0, -702.0
572.4, 387.3, -760.1
654.4, 351.2, -730.3
623.7, 343.9, -733.2
623.7, 338.6, -763.5
545.6, 386.9, -695.2
524.6, 402.5, -739.1
548.5, 402.0, -736.1
568.5, 341.5, -769.8
556.8, 351.7, -724.9
568.5, 342.5, -736.1
527.5, 331.2, -706.9
530.9, 370.8, -708.8
535.8, 314.7, -741.5
538.8, 311.2, -711.8
552.4, 328.8, -710.3
578.3, 326.9, -720.0
546.1, 323.4, -683.9
525.1, 327.3, -721.0
506.5, 324.9, -752.7
555.8, 330.8, -712.2
537.3, 316.6, -762.0
506.1, 286.4, -730.8
578.8, 404.9, -712.2
537.3, 262.0, -768.3
550.5, 292.2, -745.4
546.6, 283.9, -767.4
579.7, 253.2, -709.8
564.6, 326.4, -714.2
597.3, 200.0, -742.5
519.2, 234.2, -727.9
581.7, 59.5, -755.7
583.2, 290.8, -681.5
535.8, 282.5, -754.7
544.6, 315.6, -727.4
544.1, 315.1, -752.7
549.0, 326.9, -740.0
557.8, 328.3, -745.4
556.8, 331.7, -740.5
544.6, 326.9, -742.0
536.3, 334.2, -746.4
550.5, 317.1, -753.7
552.9, 319.5, -752.7
554.9, 322.5, -756.6
559.2, 326.4, -753.7
555.8, 336.6, -753.7
557.3, 342.0, -754.2
545.1, 345.4, -750.8
541.7, 319.0, -757.1
551.9, 310.8, -753.7
545.1, 305.4, -758.1
539.7, 296.6, -740.0
528.5, 305.9, -737.1
531.9, 311.7, -737.1
539.7, 314.2, -736.1
542.2, 311.7, -736.6
543.6, 306.4, -737.6
547.5, 299.5, -731.8
544.1, 295.6, -729.3
560.7, 294.2, -728.8
568.5, 285.4, -723.5
553.9, 325.9, -709.8
531.9, 327.8, -730.3
542.7, 322.5, -739.1
575.8, 292.2, -750.3
546.1, 326.9, -738.1
540.2, 354.2, -731.8
549.0, 330.3, -736.1
552.4, 313.7, -736.6
572.4, 295.6, -736.6
553.9, 296.6, -722.0
562.7, 302.9, -731.3
570.5, 298.1, -722.5
568.5, 272.2, -742.0
576.8, 297.1, -717.1
561.7, 297.6, -734.2
584.6, 290.8, -725.9
561.7, 307.8, -722.0
557.8, 283.9, -721.5
571.0, 356.1, -709.3
611.0, 327.3, -736.6
557.8, 369.8, -726.4
587.6, 371.2, -736.6
579.7, 359.0, -747.9
-,-,-
567.1, 321.5, -750.3
560.2, 355.1, -738.6
553.9, 349.8, -737.1
574.4, 310.8, -741.5
584.1, 304.9, -728.3
573.4, 301.0, -723.5
579.7, 280.0, -725.4
581.2, 314.2, -723.5
586.1, 318.6, -711.3
580.2, 305.4, -739.1
590.0, 341.5, -727.4
572.9, 336.1, -721.5
559.7, 333.7, -718.1
560.2, 314.7, -718.6
533.4, 332.2, -707.4
549.5, 359.5, -710.8
558.3, 367.8, -738.6
551.0, 367.3, -713.2
568.0, 360.5, -759.1
570.5, 378.1, -725.9
556.3, 357.1, -741.5
563.2, 349.3, -749.3
556.3, 356.1, -717.6
584.1, 338.1, -706.9
575.8, 322.0, -722.5
603.7, 293.2, -726.4
568.5, 346.9, -702.0
573.4, 335.6, -716.1
566.1, 351.7, -721.5
573.4, 360.5, -723.0
592.4, 371.2, -712.2
571.4, 348.3, -709.8
592.9, 337.6, -722.0
619.3, 338.6, -706.4
573.9, 359.5, -707.9
574.4, 361.5, -713.2
585.1, 355.6, -720.0
569.0, 352.2, -704.4
581.7, 356.6, -724.9
592.9, 352.7, -708.8
580.2, 343.4, -717.6
587.6, 356.6, -720.5
584.1, 347.8, -709.3
556.8, 358.1, -705.9
587.6, 355.6, -722.0
592.9, 375.1, -695.7
596.8, 342.9, -717.6
589.0, 330.3, -717.6
597.8, 322.0, -706.4
600.7, 324.9, -704.9
576.3, 348.8, -677.6
584.6, 332.2, -697.1
604.1, 327.8, -699.1
607.1, 327.3, -692.7
591.0, 339.5, -678.1
615.9, 357.6, -715.2
591.0, 398.1, -663.5
591.0, 374.7, -717.1
576.3, 391.7, -710.8
610.5, 387.3, -691.8
595.8, 398.1, -709.3
567.1, 431.2, -711.3
590.0, 439.1, -706.4
581.2, 429.3, -720.0
594.4, 403.4, -721.0
593.9, 398.1, -719.6
602.7, 406.4, -710.8
593.9, 403.4, -719.6
585.1, 408.8, -716.6
573.9, 409.8, -728.3
571.4, 405.4, -747.9
601.7, 416.6, -705.4
603.2, 411.2, -709.8
616.8, 406.4, -707.4
584.1, 393.2, -715.7
597.3, 403.9, -723.5
600.7, 378.1, -742.0
624.6, 350.3, -729.3
674.4, 311.7, -675.7
549.0, 317.1, -689.3
626.6, 281.0, -677.6
607.1, 290.8, -679.6
617.3, 295.1, -686.9
609.0, 315.1, -681.0
607.6, 326.4, -667.8
599.3, 338.6, -688.8
605.6, 350.3, -706.9
592.9, 331.7, -705.9
604.1, 360.0, -698.1
575.4, 344.4, -722.0
580.7, 319.5, -703.9
565.6, 325.4, -698.1
554.9, 323.4, -706.9
560.7, 334.2, -686.4
564.6, 327.8, -713.7
544.6, 335.1, -721.0
536.8, 346.4, -712.2
562.2, 327.3, -730.3
563.2, 360.5, -721.5
557.3, 331.2, -723.0
553.9, 336.1, -725.4
565.6, 355.1, -697.1
564.1, 302.0, -721.0
587.6, 302.9, -714.7
590.0, 334.7, -712.7
597.8, 305.4, -702.0
612.0, 364.9, -692.7
583.2, 332.7, -713.2
602.2, 361.0, -705.9
581.7, 333.7, -706.9
592.4, 385.9, -710.3
609.0, 331.2, -730.8
595.8, 383.4, -718.6
573.4, 359.0, -727.9
608.0, 332.7, -721.0
617.8, 342.5, -735.2
593.4, 338.1, -735.2
603.2, 352.7, -721.0
582.7, 313.2, -728.8
596.8, 357.6, -709.3
-,-,-
599.8, 298.6, -716.6
603.2, 353.2, -715.2
586.1, 287.3, -725.9
579.7, 243.4, -710.3
589.0, 238.1, -698.6
575.4, 309.8, -673.7
561.2, 245.9, -725.4
565.6, 304.4, -701.0
564.6, 349.3, -692.7
575.8, 376.1, -717.6
579.7, 339.0, -734.2
570.5, 370.8, -737.6
621.7, 252.2, -771.3
571.4, 304.9, -674.7
546.6, 317.1, -726.4
576.8, 326.9, -716.6
559.7, 324.9, -726.4
562.2, 324.9, -729.8
551.4, 315.6, -735.7
551.9, 320.5, -724.9
559.7, 323.4, -715.7
557.3, 322.5, -712.2
561.7, 322.5, -720.0
568.5, 317.6, -726.9
603.2, 318.6, -722.0
611.0, 322.0, -724.0
602.2, 316.1, -729.8
589.0, 304.4, -732.7
591.0, 314.2, -723.5
596.8, 303.9, -713.2
581.7, 300.0, -717.6
586.6, 287.3, -712.7
582.2, 282.9, -700.0
599.3, 310.8, -689.8
576.8, 333.2, -698.6
588.0, 337.1, -701.0
560.7, 344.4, -709.8
568.5, 347.3, -705.4
567.1, 325.4, -720.5
583.2, 302.9, -712.7
583.6, 283.9, -718.1
588.0, 322.0, -677.6
568.5, 322.5, -700.0
599.8, 332.7, -706.9
579.3, 330.8, -706.9
591.0, 343.9, -699.6
589.5, 362.5, -702.0
605.6, 356.1, -695.7
595.8, 364.4, -699.6
584.6, 343.4, -731.3
613.4, 351.2, -708.3
609.5, 343.4, -700.0
587.6, 309.8, -718.1
590.0, 322.0, -709.3
587.6, 321.0, -709.3
600.7, 348.8, -698.6
609.0, 304.9, -720.5
582.2, 357.1, -685.9
599.8, 344.9, -713.2
589.5, 347.8, -690.3
590.0, 347.8, -719.6
586.1, 324.9, -706.4
574.4, 353.7, -698.1
581.7, 347.8, -692.7
610.0, 334.2, -698.1
608.0, 353.2, -683.9
601.2, 342.9, -702.5
603.2, 370.8, -700.0
593.9, 368.3, -703.9
581.7, 402.0, -695.7
596.8, 391.2, -716.1
603.7, 389.8, -709.3
604.1, 372.7, -712.7
607.6, 374.7, -700.0
597.8, 370.8, -713.2
594.4, 357.6, -704.9
597.3, 345.9, -715.2
604.6, 344.9, -698.6
591.5, 339.5, -696.6
561.2, 318.1, -668.3
601.7, 312.2, -657.1
627.1, 289.3, -664.9
613.9, 265.9, -684.9
620.2, 298.1, -666.9
588.0, 315.6, -658.6
605.1, 357.6, -657.1
614.9, 347.8, -667.4
605.1, 381.0, -682.5
616.8, 395.6, -662.0
626.6, 375.6, -687.9
624.2, 369.3, -695.7
617.3, 401.0, -652.7
600.7, 400.0, -653.7
632.0, 346.4, -692.7
611.0, 394.7, -686.9
652.5, 398.6, -641.5
614.9, 381.0, -682.5
629.0, 348.3, -687.4
638.8, 364.9, -663.9
634.4, 395.6, -639.6
647.1, 377.1, -690.8
621.7, 400.0, -669.3
632.9, 403.4, -682.5
618.8, 404.9, -645.4
600.7, 420.5, -668.8
624.2, 418.6, -639.6
613.4, 438.6, -677.1
615.4, 452.7, -677.6
615.9, 430.3, -673.2
623.7, 418.6, -680.0
623.7, 427.8, -671.8
622.7, 417.1, -670.3
619.3, 407.3, -676.6
628.5, 408.3, -678.6
619.8, 416.6, -670.8
632.0, 415.1, -677.6
626.6, 411.7, -663.9
629.0, 431.7, -665.9
644.2, 417.6, -675.7
634.4, 419.1, -684.4
-,-,-
616.3, 427.3, -666.4
601.7, 425.4, -681.0
655.4, 399.5, -661.5
605.6, 410.8, -658.1
636.8, 413.2, -655.7
632.4, 408.3, -688.3
625.6, 370.3, -661.0
630.5, 371.7, -731.3
640.7, 389.3, -680.0
658.8, 363.0, -665.9
623.7, 370.8, -648.8
642.7, 345.4, -686.4
656.4, 335.1, -587.8
614.4, 348.8, -706.4
600.7, 379.5, -665.9
595.8, 291.7, -725.4
592.4, 301.5, -707.9
607.1, 319.0, -647.4
615.4, 242.5, -678.6
609.0, 302.0, -616.1
618.3, 245.9, -670.3
620.2, 297.1, -643.9
582.7, 340.0, -649.3
617.8, 330.3, -669.8
599.8, 359.5, -681.0
602.7, 349.8, -678.6
609.5, 314.7, -684.4
613.9, 373.7, -673.7
623.7, 345.4, -675.2
610.5, 350.8, -683.0
626.1, 382.5, -683.5
635.4, 350.8, -684.4
628.5, 388.3, -682.0
631.0, 409.8, -682.5
638.3, 392.7, -721.0
595.4, 414.2, -697.1
621.2, 435.2, -689.8
618.8, 404.4, -692.2
617.8, 401.0, -660.0
616.8, 349.3, -695.2
624.2, 373.7, -649.8
625.1, 284.4, -698.1
606.1, 290.8, -603.0
778.8, 195.6, -661.5
578.8, 319.5, -604.4
559.7, 74.2, -642.0
556.8, 341.5, -600.5
621.2, 316.6, -588.3
596.8, 324.9, -642.5
592.4, 325.9, -692.7
626.1, 341.5, -703.5
623.7, 368.3, -697.1
630.5, 341.5, -705.4
621.2, 359.5, -703.9
624.2, 347.3, -706.4
623.7, 362.0, -699.1
614.4, 363.9, -696.6
620.7, 343.4, -696.6
601.7, 342.9, -690.8
611.5, 343.4, -672.7
610.0, 342.0, -669.8
603.2, 342.5, -672.2
590.5, 340.5, -671.8
584.6, 337.1, -675.2
599.8, 339.5, -668.8
612.0, 334.2, -672.7
617.3, 326.4, -682.0
614.4, 335.1, -684.9
615.4, 326.4, -689.3
624.2, 313.2, -693.7
621.2, 307.3, -683.5
629.0, 288.8, -671.3
619.8, 300.5, -665.9
613.9, 326.9, -667.4
618.3, 322.5, -667.8
610.0, 363.4, -663.0
621.2, 363.9, -672.7
609.0, 370.8, -682.5
641.2, 334.7, -719.6
605.1, 389.8, -665.9
612.0, 345.9, -681.5
617.3, 359.0, -674.2
616.8, 339.0, -686.4
599.3, 334.7, -673.7
599.8, 312.2, -683.0
620.7, 339.5, -661.0
609.5, 303.9, -690.3
621.7, 340.5, -669.8
626.6, 322.0, -676.1
610.0, 325.9, -685.9
617.3, 350.3, -671.8
607.1, 353.7, -668.8
621.7, 339.0, -674.7
599.8, 350.3, -684.4
647.6, 346.9, -686.9
594.9, 363.0, -677.6
612.4, 370.3, -663.9
627.6, 339.0, -703.5
638.8, 351.2, -667.8
616.8, 346.9, -683.5
612.9, 362.5, -690.8
610.5, 381.0, -673.7
602.7, 381.0, -682.0
600.2, 376.1, -683.5
602.7, 366.9, -676.6
612.0, 377.1, -675.2
623.7, 387.8, -657.6
633.9, 382.5, -674.7
620.2, 377.6, -684.4
624.2, 376.6, -686.9
644.2, 383.4, -673.2
636.8, 370.8, -672.7
632.4, 371.7, -674.7
627.6, 362.0, -671.3
631.5, 342.5, -672.7
634.4, 369.3, -652.7
637.8, 359.5, -662.0
636.8, 335.6, -663.9
633.9, 341.0, -669.8
638.3, 344.4, -653.2
-,-,-
635.4, 340.0, -654.2
644.6, 346.9, -636.1
630.5, 340.0, -645.4
613.9, 322.9, -665.9
620.7, 349.3, -646.4
633.4, 370.8, -651.8
646.1, 367.3, -651.8
635.9, 381.0, -665.9
621.2, 397.6, -670.8
643.2, 415.1, -676.6
618.8, 422.0, -669.3
646.1, 398.1, -678.1
626.1, 392.7, -678.6
644.2, 384.9, -663.9
629.0, 375.6, -664.9
643.7, 374.7, -660.0
635.9, 361.0, -657.1
635.9, 354.2, -657.1
642.7, 362.5, -660.5
645.1, 347.3, -655.2
641.2, 346.4, -653.7
647.6, 335.1, -646.4
637.3, 339.5, -643.0
640.3, 327.8, -655.7
639.8, 313.2, -640.5
637.8, 333.2, -628.8
646.1, 328.8, -625.9
635.4, 324.4, -649.3
646.6, 304.4, -637.6
631.0, 362.0, -630.3
632.9, 373.2, -624.9
636.8, 344.9, -636.1
650.5, 375.6, -664.9
631.5, 393.7, -657.6
661.2, 376.6, -657.1
638.8, 394.7, -652.7
641.2, 379.0, -662.5
645.1, 376.6, -644.9
601.2, 431.2, -629.3
661.2, 380.5, -662.5
643.7, 379.5, -649.3
649.5, 398.1, -669.8
638.3, 403.9, -661.5
651.0, 386.4, -665.4
655.4, 389.3, -654.2
647.1, 408.3, -647.8
645.1, 403.4, -655.2
646.6, 389.8, -660.0
644.6, 396.1, -640.5
657.8, 400.5, -641.5
647.6, 407.8, -643.5
628.1, 414.7, -652.7
637.8, 409.8, -652.7
631.0, 419.1, -658.1
637.3, 417.6, -659.6
653.9, 416.6, -657.1
620.2, 412.2, -657.1
633.4, 421.5, -660.0
631.5, 423.0, -692.2
618.3, 403.0, -674.2
606.6, 450.8, -648.8
666.1, 403.9, -690.3
661.2, 437.1, -601.0
623.7, 396.1, -651.8
634.9, 369.8, -653.2
643.2, 373.7, -647.4
657.8, 347.3, -626.4
636.4, 359.0, -665.4
650.0, 339.0, -669.8
634.9, 347.8, -623.5
632.4, 341.0, -654.2
638.8, 316.6, -623.9
618.3, 320.5, -637.1
631.5, 389.8, -588.3
623.7, 377.6, -627.4
659.8, 365.4, -675.2
609.0, 346.9, -667.4
638.8, 367.3, -658.6
629.5, 349.8, -638.1
639.3, 291.2, -679.6
626.6, 325.4, -650.3
575.4, 322.0, -659.6
606.6, 319.0, -656.6
620.2, 354.2, -649.3
630.5, 390.8, -633.7
615.4, 354.2, -672.2
607.1, 406.4, -670.3
610.5, 399.5, -686.4
611.0, 407.8, -687.9
612.4, 379.0, -701.0
611.0, 378.1, -687.9
628.5, 385.4, -678.1
629.0, 318.1, -680.0
623.7, 391.2, -671.3
649.5, 414.2, -658.1
621.7, 397.1, -674.7
640.3, 459.5, -677.6
635.4, 358.1, -695.7
641.2, 361.0, -684.4
630.0, 386.9, -682.5
658.3, 348.8, -688.8
565.6, -957.6, -760.1
544.6, 288.8, -567.8
672.5, 357.6, -493.7
573.4, 296.6, -646.9
589.5, 338.6, -682.0
609.0, 352.2, -687.4
622.7, 395.1, -673.7
632.4, 354.2, -691.8
606.6, 347.3, -690.8
610.5, 347.8, -684.4
591.0, 349.8, -689.3
580.7, 333.2, -686.4
579.7, 331.7, -689.3
590.0, 332.2, -680.0
597.3, 337.1, -687.4
590.5, 335.6, -697.1
590.5, 338.1, -695.2
593.9, 339.5, -690.8
617.8, 349.3, -691.8
-,-,-
614.4, 343.4, -685.4
608.0, 335.1, -686.9
605.1, 318.6, -693.7
612.0, 292.7, -683.5
621.2, 295.1, -678.1
624.2, 299.0, -677.6
630.5, 313.2, -667.4
628.1, 330.8, -665.4
614.9, 344.4, -670.3
589.0, 347.8, -681.0
586.1, 354.2, -675.7
601.2, 327.8, -702.0
599.3, 337.6, -662.5
617.3, 296.1, -684.9
607.6, 332.7, -659.6
598.3, 345.4, -661.5
615.9, 356.1, -671.3
608.5, 359.0, -703.5
618.3, 401.5, -677.1
632.4, 381.0, -707.4
600.7, 390.3, -711.8
603.7, 384.4, -718.6
612.4, 369.3, -703.0
623.2, 360.5, -691.3
624.2, 342.9, -697.1
637.8, 342.0, -683.0
623.2, 311.2, -685.4
612.0, 337.1, -674.7
607.6, 297.1, -665.9
594.9, 330.3, -675.2
571.9, 350.8, -647.4
603.2, 346.9, -669.8
573.4, 353.2, -679.6
595.8, 348.8, -682.5
564.1, 379.5, -634.7
593.4, 358.1, -671.3
582.2, 384.4, -656.6
611.0, 334.7, -723.0
571.9, 392.2, -685.4
620.2, 346.4, -713.2
623.7, 385.9, -706.4
596.3, 383.4, -691.8
616.8, 383.4, -694.2
624.2, 414.7, -644.9
619.3, 382.5, -685.4
632.0, 356.1, -694.7
639.3, 381.5, -671.3
636.8, 358.6, -695.7
636.4, 371.2, -664.9
636.4, 372.2, -663.5
609.5, 403.0, -673.2
628.1, 390.8, -640.0
614.4, 379.0, -663.9
619.3, 370.8, -674.2
639.3, 372.2, -653.2
634.4, 347.3, -668.8
625.1, 357.1, -654.7
633.9, 344.9, -674.2
625.1, 361.0, -650.8
609.5, 324.9, -658.6
622.2, 348.3, -705.9
599.8, 375.6, -628.8
611.5, 364.4, -651.3
614.4, 357.6, -680.5
589.0, 403.9, -645.9
613.4, 358.1, -691.8
593.9, 406.4, -644.4
617.8, 383.4, -668.3
655.4, 361.0, -717.1
606.1, 424.4, -651.3
600.7, 418.1, -683.5
633.4, 421.0, -665.4
633.9, 411.7, -697.1
632.9, 419.1, -684.9
637.3, 399.1, -675.2
634.9, 395.6, -676.6
643.2, 394.7, -678.1
632.9, 381.5, -673.2
631.0, 380.0, -668.3
633.9, 374.7, -661.0
642.2, 370.3, -661.0
627.1, 369.8, -657.6
620.7, 374.7, -652.2
615.4, 384.9, -651.3
624.6, 389.8, -658.1
615.4, 402.0, -663.0
611.0, 396.1, -665.9
599.3, 391.7, -679.1
594.4, 388.8, -678.1
607.1, 405.4, -677.1
606.6, 418.6, -677.6
578.8, 440.0, -663.9
598.3, 453.2, -679.1
604.1, 430.8, -688.8
614.4, 404.9, -719.1
616.3, 408.8, -701.0
579.7, 386.4, -669.3
618.3, 402.0, -679.1
608.0, 374.2, -702.0
640.7, 416.1, -673.7
661.2, 388.8, -723.0
634.4, 361.5, -675.7
702.7, 314.7, -740.5
570.5, 371.7, -651.8
618.8, 315.1, -673.2
619.8, 321.5, -644.9
607.6, 284.4, -673.7
632.4, 322.9, -645.9
614.4, 350.3, -658.6
610.0, 351.2, -658.1
614.9, 326.9, -684.9
604.1, 351.2, -663.9
591.5, 341.5, -684.9
608.0, 330.8, -692.7
596.3, 333.2, -684.9
600.2, 373.7, -662.5
610.5, 373.7, -678.6
613.4, 361.5, -697.1
611.0, 395.6, -687.9
598.3, 414.2, -695.7
-,-,-
607.1, 416.6, -706.4
577.3, 377.1, -725.9
602.7, 335.6, -682.5