-,-,-
653.4, 395.1, -768.8
638.3, 402.5, -784.4
649.0, 403.4, -789.3
659.8, 366.4, -771.8
665.6, 360.0, -772.7
663.7, 349.8, -773.7
661.7, 327.3, -776.6
639.3, 278.1, -760.5
636.4, 266.4, -777.6
612.9, 262.9, -779.6
601.2, 275.6, -784.0
587.1, 314.2, -749.8
559.2, 293.2, -790.3
576.3, 363.0, -755.7
560.7, 347.3, -747.9
619.3, 283.9, -701.0
587.1, 202.0, -760.5
616.8, 142.0, -735.2
570.0, 93.2, -730.8
597.8, 118.5, -743.0
596.8, 46.3, -757.1
608.0, 71.2, -725.4
583.6, 136.6, -740.0
602.7, 103.4, -728.8
563.2, 67.8, -752.2
558.8, 95.1, -736.1
532.4, 157.1, -756.1
565.6, 183.9, -747.4
537.8, 185.9, -755.2
535.8, 156.1, -775.7
576.3, 148.8, -759.6
579.7, 88.8, -767.9
579.3, 123.9, -773.2
553.9, 145.4, -791.8
610.0, 72.7, -747.9
533.4, 87.8, -772.2
520.7, 122.4, -755.7
552.9, 155.1, -752.7
538.8, 132.2, -752.2
532.9, 96.1, -758.6
518.3, 45.9, -745.4
531.4, 74.2, -744.4
553.4, 92.2, -732.7
580.2, 67.3, -731.8
587.1, 73.7, -738.1
629.5, 40.5, -755.7
630.0, 21.5, -766.4
650.0, 46.3, -731.8
624.6, 35.6, -753.7
644.6, 55.6, -749.8
607.1, 163.9, -766.9
562.7, 215.6, -759.1
565.6, 234.2, -774.2
580.7, 260.0, -755.2
566.6, 292.7, -820.1
581.7, 309.8, -751.3
570.0, 261.5, -800.1
625.1, 232.2, -763.0
626.1, 249.8, -783.0
632.9, 266.8, -772.2
617.8, 158.1, -789.3
603.2, 188.3, -783.0
589.5, 122.4, -770.3
590.0, 86.8, -743.0
588.0, 148.3, -767.4
595.4, 146.8, -743.0
580.7, 205.4, -769.8
597.8, 181.5, -755.2
552.9, 210.7, -802.5
556.8, 278.6, -777.6
532.9, 290.3, -767.4
554.4, 298.1, -777.6
558.3, 315.6, -784.4
592.4, 320.5, -765.9
615.9, 289.3, -788.3
611.0, 318.1, -787.4
613.9, 344.9, -792.7
616.8, 304.4, -794.2
622.2, 250.7, -798.1
624.2, 252.7, -804.9
644.2, 265.9, -779.1
654.9, 246.8, -785.9
620.7, 257.6, -781.0
604.6, 282.0, -789.3
602.7, 290.8, -784.9
570.0, 319.0, -788.3
587.6, 289.8, -792.2
588.0, 337.6, -779.1
592.4, 337.6, -778.1
551.4, 292.2, -802.0
542.7, 297.1, -797.1
543.1, 268.3, -836.6
567.1, 236.6, -804.9
587.1, 198.5, -800.5
570.5, 107.3, -775.7
514.4, 146.4, -809.8
532.9, 127.8, -789.3
565.1, 96.6, -780.1
574.4, 122.0, -776.6
512.9, 116.6, -798.1
533.9, 128.3, -791.3
506.5, 151.2, -777.6
515.3, 170.7, -788.3
511.4, 152.7, -779.6
515.3, 175.6, -794.2
492.9, 222.9, -794.2
505.6, 168.3, -789.8
514.8, 184.4, -792.7
537.8, 235.1, -784.0
537.3, 252.2, -789.3
540.2, 244.9, -792.2
501.7, 157.6, -851.3
563.2, 129.8, -790.8
559.7, 137.1, -825.9
516.3, 242.5, -806.4
559.7, 144.9, -800.1
546.6, 102.0, -810.8
570.0, 27.8, -790.8
545.1, 81.0, -784.0
514.4, -9.3, -767.4
-,-,-
492.9, 25.4, -785.4
495.8, 78.5, -782.5
489.0, 92.2, -778.1
487.0, 101.5, -784.9
489.5, 105.9, -791.3
517.8, 129.3, -776.6
522.2, 144.4, -784.4
528.5, 118.1, -786.9
523.6, 100.5, -795.7
548.5, 62.0, -790.8
531.4, 45.9, -789.3
540.7, 69.8, -785.4
523.1, 47.8, -769.3
538.8, 154.6, -779.6
546.6, 202.5, -773.7
553.4, 178.1, -784.4
578.8, 238.1, -773.2
562.7, 227.3, -758.6
561.2, 222.0, -803.0
546.6, 196.6, -787.4
558.8, 191.2, -804.4
527.5, 198.5, -834.2
547.0, 185.9, -762.5
542.2, 232.7, -789.3
538.8, 172.2, -810.3
542.2, 264.4, -778.1
515.8, 259.5, -795.7
538.3, 201.5, -809.3
529.0, 231.7, -822.0
535.8, 211.7, -812.2
545.6, 302.9, -774.2
533.4, 291.7, -768.3
530.0, 285.9, -818.6
541.2, 374.7, -826.4
548.0, 392.2, -819.1
574.4, 357.6, -812.2
614.4, 389.3, -809.3
632.4, 302.0, -818.6
646.6, 310.8, -829.3
630.5, 301.5, -828.3
609.5, 282.5, -828.3
615.4, 334.7, -817.1
626.6, 294.2, -806.4
586.1, 262.9, -813.7
561.2, 331.2, -794.7
557.3, 308.3, -804.9
563.2, 298.6, -766.4
533.4, 268.3, -792.7
507.5, 319.5, -811.8
522.6, 334.7, -815.7
604.1, 242.5, -797.6
616.8, 177.1, -762.0
521.2, 118.5, -792.2
460.7, 134.2, -801.0
554.4, 95.1, -788.3
547.0, 100.5, -802.0
514.4, 97.6, -795.7
518.7, 114.6, -794.2
532.4, 137.1, -778.1
503.6, 135.1, -792.7
502.6, 177.1, -802.5
509.5, 231.7, -802.5
522.6, 200.5, -771.8
480.2, 203.4, -820.1
494.8, 221.0, -773.2
541.7, 172.2, -777.6
509.0, 179.5, -784.0
544.6, 223.4, -784.9
549.0, 233.2, -755.2
539.2, 159.0, -772.7
522.6, 164.9, -752.2
545.6, 98.1, -753.7
576.3, 74.2, -757.6
554.9, 80.0, -785.4
584.6, 49.8, -806.9
596.3, 82.9, -776.1
545.1, 66.3, -803.0
557.3, 77.1, -800.5
535.3, 110.7, -796.2
533.9, 151.7, -796.2
536.3, 162.9, -790.3
532.4, 163.9, -784.4
528.0, 169.3, -790.8
517.8, 176.1, -800.1
512.4, 169.3, -799.1
519.2, 159.5, -803.5
525.1, 134.2, -803.0
536.8, 119.0, -803.0
536.8, 102.9, -796.6
539.2, 76.6, -804.9
538.8, 78.5, -798.6
525.1, 63.4, -801.0
542.2, 48.3, -797.1
518.3, 55.1, -795.7
528.0, 133.7, -773.2
517.8, 162.4, -758.1
528.5, 165.4, -747.4
549.5, 222.9, -769.3
555.8, 216.6, -761.0
562.7, 186.8, -766.9
560.7, 213.7, -804.4
581.7, 267.3, -766.9
577.8, 203.4, -784.9
555.8, 255.6, -793.7
576.3, 279.0, -783.5
585.6, 183.9, -775.2
540.7, 208.3, -821.0
550.5, 191.2, -799.1
547.0, 201.5, -803.5
544.6, 219.5, -801.5
564.6, 194.2, -771.3
571.9, 220.0, -790.3
569.5, 238.6, -793.7
595.8, 229.8, -761.0
617.3, 213.2, -780.1
591.9, 258.1, -769.8
552.4, 255.1, -815.2
559.2, 263.9, -787.9
563.6, 265.4, -805.9
559.7, 282.5, -800.5
-,-,-
551.0, 242.5, -791.3
567.5, 232.2, -777.6
575.4, 213.2, -790.8
565.6, 217.6, -793.2
571.9, 271.7, -806.4
577.3, 268.8, -784.0
578.8, 189.3, -798.6
565.6, 206.8, -793.7
561.7, 193.2, -792.2
562.2, 224.4, -802.5
581.2, 231.7, -812.2
583.6, 261.5, -824.4
604.1, 293.2, -831.8
594.9, 295.1, -820.5
583.6, 304.4, -834.2
583.6, 329.8, -828.3
588.5, 326.9, -827.4
577.8, 290.8, -828.8
558.8, 296.1, -829.8
556.3, 218.6, -831.3
522.6, 231.7, -817.1
500.7, 208.8, -830.8
511.4, 225.9, -800.5
521.7, 218.6, -794.7
484.1, 208.3, -806.9
517.8, 221.0, -781.5
501.7, 123.9, -786.4
509.0, 87.8, -784.9
488.5, 233.7, -800.1
538.8, 199.5, -789.8
521.7, 180.5, -793.7
480.7, 163.9, -806.9
499.2, 119.0, -812.7
499.7, 165.4, -788.3
467.5, 168.3, -806.9
483.6, 178.5, -806.9
519.2, 176.1, -802.5
513.9, 186.8, -816.2
505.6, 148.3, -835.2
527.5, 91.2, -811.3
511.9, 91.7, -838.1
502.6, 136.6, -832.3
490.9, 165.9, -838.6
535.8, 97.1, -807.9
485.6, 178.5, -816.2
490.9, 197.1, -821.5
517.8, 242.5, -824.9
516.8, 301.5, -812.7
526.1, 223.4, -797.1
515.8, 131.7, -822.5
516.3, 131.7, -830.8
503.6, 92.2, -829.8
503.6, 74.6, -822.0
486.0, 74.2, -824.9
501.2, 42.4, -809.8
489.0, 52.2, -814.7
474.3, 85.9, -812.7
465.1, 109.8, -813.2
469.5, 103.4, -814.2
487.5, 96.6, -821.5
492.4, 92.7, -811.8
478.2, 89.8, -806.4
481.2, 97.1, -792.2
483.1, 94.2, -788.3
492.4, 91.7, -802.0
491.4, 88.3, -796.2
465.1, 84.4, -805.4
485.1, 141.0, -802.5
484.6, 424.4, -783.0
496.8, 104.9, -761.0
476.8, 239.5, -798.1
542.7, 302.9, -782.5
546.1, 246.8, -791.8
591.0, 213.7, -799.6
542.7, 287.8, -821.0
545.1, 258.1, -822.0
559.7, 186.8, -804.0
553.4, 260.0, -815.2
549.0, 197.1, -801.0
571.9, 163.9, -815.2
561.7, 241.0, -818.6
574.4, 129.3, -812.2
531.4, 221.5, -823.5
522.6, 238.1, -806.9
539.2, 241.0, -815.7
532.9, 264.4, -795.7
511.4, 252.2, -817.1
521.2, 260.0, -801.0
517.8, 228.3, -810.8
534.4, 238.6, -825.9
515.8, 281.0, -814.2
530.5, 262.5, -829.3
544.1, 202.5, -784.4
557.3, 287.3, -788.3
569.0, 273.7, -802.0
576.3, 284.9, -783.5
554.9, 253.2, -808.8
564.6, 232.7, -804.9
565.1, 224.9, -804.4
565.1, 226.8, -795.2
576.3, 199.5, -790.3
568.5, 228.8, -785.9
554.4, 235.1, -787.9
554.4, 247.8, -795.2
560.7, 254.2, -800.5
567.5, 242.0, -800.1
599.3, 269.8, -801.0
612.0, 277.1, -796.2
608.0, 295.1, -802.0
601.7, 314.7, -804.9
587.6, 325.4, -818.6
579.7, 330.8, -816.6
554.9, 342.0, -804.4
570.0, 359.5, -825.9
590.0, 322.9, -788.8
556.8, 237.1, -817.6
525.6, 291.2, -797.6
503.6, 322.0, -824.4
564.6, 288.8, -822.5
562.7, 205.9, -785.9
-,-,-
557.3, 146.8, -795.2
537.8, 154.2, -787.4
496.8, 165.9, -784.0
548.5, 155.6, -771.8
537.8, 167.3, -802.0
534.4, 180.0, -790.8
525.6, 124.4, -784.0
523.6, 170.7, -795.7
493.9, 184.9, -790.3
497.8, 192.2, -789.8
551.9, 178.1, -783.0
517.8, 142.9, -779.6
497.3, 99.5, -786.9
504.6, 145.9, -788.3
492.9, 168.3, -797.1
496.3, 136.1, -792.2
516.8, 135.6, -787.9
503.6, 152.7, -800.5
521.2, 186.4, -784.0
514.8, 179.0, -797.6
552.4, 189.3, -786.9
542.2, 141.0, -780.5
524.1, 102.0, -794.2
529.5, 106.8, -792.2
512.4, 76.6, -786.4
522.2, 120.5, -784.0
517.8, 121.0, -768.3
518.3, 128.3, -771.3
514.4, 134.6, -776.6
558.3, 117.1, -781.0
574.4, 122.4, -773.7
566.1, 105.4, -776.6
582.2, 95.1, -765.9
571.4, 105.4, -756.1
558.3, 98.5, -746.4
540.7, 117.1, -767.9
551.0, 152.7, -758.1
548.5, 191.2, -758.1
586.1, 206.4, -730.3
571.9, 184.9, -767.4
571.4, 210.3, -775.2
577.8, 283.9, -764.0
572.4, 199.5, -782.0
585.6, 261.0, -765.4
587.1, 259.5, -746.9
588.5, 313.2, -759.6
570.0, 236.6, -785.4
590.5, 244.4, -764.0
536.8, 263.9, -813.2
584.1, 205.4, -731.8
552.9, 220.5, -786.9
558.8, 289.3, -757.6
530.9, 242.5, -794.7
589.0, 280.0, -775.7
594.9, 245.9, -770.3
584.1, 240.0, -828.8
584.6, 308.8, -770.8
545.6, 257.1, -819.1
578.3, 301.5, -771.8
569.5, 265.9, -778.6
596.3, 290.8, -791.3
602.7, 283.4, -803.0
566.6, 326.9, -787.9
584.1, 292.7, -782.5
574.9, 329.8, -804.9
587.1, 347.3, -786.4
590.5, 296.1, -782.5
618.3, 323.4, -777.6
616.3, 301.0, -771.8
582.7, 298.1, -771.3
563.2, 317.1, -782.5
580.2, 323.4, -782.0
586.1, 313.7, -779.6
593.4, 316.1, -787.9
584.1, 326.4, -788.8
616.8, 248.8, -772.7
588.0, 282.9, -782.5
574.9, 263.9, -777.6
551.0, 286.8, -766.4
588.5, 295.6, -756.6
635.9, 238.6, -760.1
649.5, 276.1, -750.8
593.9, 244.4, -753.2
534.8, 257.6, -750.3
530.0, 247.8, -744.0
586.6, 174.2, -750.3
571.9, 226.8, -730.3
579.7, 205.9, -744.0
591.9, 170.3, -748.3
576.3, 149.8, -773.7
591.0, 192.7, -765.4
569.0, 204.9, -754.2
578.8, 183.4, -729.8
571.0, 225.9, -741.5
589.5, 257.1, -764.9
599.8, 255.1, -754.2
608.5, 241.0, -771.3
613.9, 244.9, -762.5
584.6, 277.1, -758.1
587.1, 255.1, -755.2
603.7, 281.5, -746.4
580.2, 236.6, -751.8
601.7, 237.6, -777.1
614.4, 195.6, -758.1
542.2, 198.5, -774.7
575.8, 253.2, -730.3
580.2, 162.9, -769.3
574.9, 130.3, -720.5
563.6, 93.2, -732.7
567.5, 109.3, -734.7
581.7, 89.8, -731.3
564.1, 112.7, -741.5
565.1, 117.6, -743.0
544.1, 132.2, -739.1
530.9, 158.1, -741.5
531.9, 174.2, -736.1
518.7, 194.2, -734.7
538.3, 198.5, -731.3
549.5, 172.7, -733.7
553.9, 148.8, -726.9
-,-,-
548.5, 146.8, -726.9
559.2, 152.2, -730.3
598.8, 110.3, -721.0
595.4, 110.7, -727.9
601.7, 119.5, -719.1
607.1, 126.3, -720.5
622.2, 168.3, -701.0
612.0, 171.7, -691.8
587.6, 172.2, -706.4
608.5, 284.4, -672.2
607.6, 283.4, -689.8
634.9, 301.0, -719.6
610.0, 259.0, -771.8
637.8, 343.9, -720.5
668.6, 329.8, -703.0
689.1, 283.9, -707.9
647.6, 290.8, -733.2
662.7, 315.1, -714.7
702.2, 266.8, -707.4
686.6, 200.5, -727.9
730.5, 206.8, -692.7
697.4, 207.8, -711.3
710.0, 196.1, -695.2
689.1, 266.8, -705.9
679.3, 248.3, -704.4
697.4, 273.7, -715.2
683.7, 262.5, -701.0
671.0, 364.4, -687.9
667.6, 291.2, -683.9
660.3, 290.8, -700.0
634.4, 303.9, -690.8
656.8, 277.6, -696.6
653.9, 275.6, -695.7
622.7, 357.6, -698.6
631.0, 341.0, -701.5
616.3, 352.2, -711.8
610.0, 353.2, -697.1
612.4, 335.6, -708.8
625.1, 346.9, -694.7
660.3, 332.2, -701.5
693.0, 285.4, -699.6
704.7, 276.6, -706.4
693.4, 260.0, -707.4
694.4, 264.4, -708.3
687.1, 272.2, -701.0
676.4, 272.2, -698.6
662.2, 273.7, -698.6
657.3, 272.2, -696.6
656.8, 286.8, -710.3
660.3, 295.6, -714.2
657.8, 293.7, -716.6
663.7, 306.4, -713.7
674.4, 320.0, -709.8
678.8, 322.5, -703.5
669.0, 325.4, -707.9
648.1, 338.6, -709.8
663.7, 337.1, -703.5
647.6, 358.6, -707.9
610.5, 370.3, -732.2
630.5, 371.2, -726.9
636.8, 336.6, -731.8
680.8, 271.7, -697.6
678.8, 228.3, -697.1
612.9, 228.8, -720.5
631.0, 223.9, -703.5
653.9, 175.6, -688.3
641.7, 199.0, -695.2
654.9, 240.5, -689.8
650.5, 181.5, -687.9
629.5, 247.8, -702.5
622.7, 222.9, -697.6
612.0, 204.9, -704.9
621.7, 213.2, -703.0
591.9, 239.0, -713.2
616.8, 210.7, -701.0
635.9, 238.1, -716.1
636.8, 283.4, -690.8
622.7, 181.0, -703.0
621.2, 232.7, -708.3
607.1, 215.6, -706.9
609.0, 202.0, -712.7
642.7, 251.2, -705.4
627.1, 207.3, -707.4
633.4, 156.6, -687.9
636.8, 166.4, -705.4
660.8, 183.9, -699.1
639.8, 163.9, -698.1
670.5, 171.2, -697.6
637.8, 155.1, -703.0
624.2, 155.1, -708.8
628.5, 169.3, -714.2
606.1, 197.1, -726.4
571.4, 203.9, -726.9
566.6, 202.5, -727.4
568.0, 201.0, -724.4
589.5, 172.7, -723.0
586.1, 162.4, -720.0
584.6, 152.2, -724.9
595.4, 139.0, -729.3
579.7, 119.0, -729.3
580.7, 108.8, -722.0
597.8, 80.5, -717.6
573.4, 91.2, -714.7
559.7, 89.8, -701.0
589.0, 185.4, -675.7
607.6, 237.6, -679.1
641.7, 279.5, -654.7
666.1, 277.6, -647.4
684.7, 234.2, -672.7
693.9, 332.2, -672.7
657.8, 323.4, -683.9
684.2, 286.8, -696.6
719.3, 266.4, -694.2
673.4, 241.5, -721.5
687.1, 301.5, -711.3
696.9, 242.5, -717.6
673.4, 295.6, -730.8
677.8, 240.0, -713.2
679.3, 237.1, -736.1
661.2, 316.6, -715.7
-,-,-
632.0, 282.9, -706.4
620.7, 251.7, -739.6
635.9, 271.7, -705.4
630.0, 296.6, -710.8
629.5, 276.6, -709.8
624.2, 280.0, -710.8
623.7, 290.8, -735.7
619.3, 282.9, -712.2
646.1, 216.1, -707.9
647.1, 264.9, -725.9
626.1, 264.4, -689.3
640.7, 262.5, -702.5
615.4, 279.0, -706.4
630.5, 215.6, -700.5
629.0, 257.1, -716.6
612.4, 273.2, -692.2
635.4, 238.6, -695.2
635.4, 240.5, -703.9
628.1, 261.0, -697.6
632.0, 294.7, -706.4
669.0, 275.1, -669.3
635.9, 314.7, -703.9
651.5, 401.0, -694.7
655.4, 438.6, -710.3
661.7, 369.3, -712.7
672.0, 396.1, -734.7
673.0, 360.0, -728.3
694.4, 335.1, -738.6
697.8, 315.1, -751.8
702.2, 280.5, -733.2
691.0, 288.3, -736.1
680.8, 323.4, -724.9
655.9, 341.0, -715.2
652.5, 388.8, -722.5
646.1, 431.2, -742.0
702.2, 472.2, -702.5
718.3, 420.0, -712.7
751.0, 313.2, -686.9
735.9, 281.5, -702.0
654.9, 300.5, -740.0
599.8, 156.1, -739.6
672.0, 199.5, -681.5
649.0, 236.1, -701.0
655.4, 167.8, -691.3
605.6, 184.9, -708.8
620.2, 201.5, -696.6
610.0, 204.4, -705.4
613.4, 227.3, -703.9
626.1, 220.5, -700.5
610.0, 230.7, -683.9
601.7, 213.7, -718.1
609.0, 179.0, -710.8
590.5, 214.6, -709.3
591.0, 180.0, -731.3
616.3, 149.3, -719.1
629.5, 126.3, -718.1
552.9, 206.8, -705.9
582.2, 212.2, -713.2
589.5, 118.1, -722.0
625.1, 131.7, -689.3
588.5, 141.5, -697.6
598.3, 145.4, -699.6
601.2, 116.1, -701.0
603.2, 68.8, -698.6
583.2, 34.6, -705.9
578.8, 102.4, -711.3
570.0, 92.7, -703.5
548.0, 62.9, -714.7
571.0, 96.1, -709.3
592.9, 95.1, -714.7
588.5, 100.5, -719.1
614.4, 94.6, -708.3
632.4, 96.6, -707.9
614.9, 114.2, -694.7
611.0, 152.7, -698.1
629.5, 129.3, -690.3
654.4, 307.3, -678.1
695.9, 192.2, -720.0
683.2, 186.8, -719.1
661.2, 269.3, -701.0
621.2, 205.4, -717.1
649.0, 238.1, -714.7
612.4, 264.4, -706.9
626.1, 222.0, -687.4
651.0, 222.9, -710.8
678.3, 211.2, -681.0
637.3, 280.5, -711.8
633.9, 284.9, -696.1
651.0, 310.3, -699.1
641.2, 371.7, -729.8
636.4, 354.2, -727.4
648.6, 363.0, -712.2
689.5, 351.7, -744.0
687.6, 385.4, -708.3
676.4, 419.5, -748.8
703.2, 404.9, -705.9
719.8, 358.1, -713.2
722.2, 373.2, -704.9
720.8, 323.4, -689.8
708.6, 297.1, -687.4
699.8, 276.6, -687.4
681.2, 265.4, -683.5
681.2, 267.3, -679.6
680.3, 269.3, -671.8
686.6, 272.7, -673.7
688.1, 295.6, -669.8
689.5, 313.7, -670.3
687.6, 345.9, -666.4
693.0, 379.0, -672.2
702.2, 388.8, -678.1
698.8, 387.3, -687.4
686.1, 392.7, -687.9
695.4, 402.5, -682.0
699.3, 375.6, -674.2
647.6, 303.4, -693.2
655.4, 318.6, -694.7
651.5, 318.1, -687.9
675.4, 286.8, -685.4
705.6, 324.9, -673.2
704.7, 337.6, -655.2
-,-,-
702.2, 256.1, -661.5
681.2, 260.5, -674.7
689.5, 277.6, -674.2
683.7, 283.4, -670.8
748.1, 196.1, -677.6
681.7, 233.2, -682.0
653.4, 281.0, -672.2
643.2, 247.3, -683.5
695.4, 173.7, -656.1
664.7, 171.7, -676.6
678.8, 171.7, -650.8
650.0, 229.3, -667.8
660.8, 215.1, -665.4
664.7, 115.1, -654.7
626.1, 165.9, -671.3
614.4, 155.6, -682.5
667.1, 132.2, -652.7
633.4, 120.5, -664.4
632.4, 112.7, -666.4
612.4, 78.1, -672.2
621.2, 57.6, -673.2
620.7, 124.4, -668.3
615.4, 121.0, -660.5
602.2, 141.0, -670.8
600.2, 144.4, -672.7
623.7, 133.2, -670.8
636.8, 152.2, -673.2
635.4, 140.0, -666.9
649.0, 114.2, -665.9
650.5, 102.4, -673.7
650.5, 143.4, -651.8
650.5, 185.9, -651.8
689.1, 154.6, -647.4
685.2, 214.6, -627.8
674.4, 292.2, -620.0
698.8, 253.7, -623.5
715.4, 286.8, -657.1
677.3, 301.5, -648.3
688.6, 299.5, -680.5
710.5, 234.6, -659.6
726.6, 231.2, -663.0
719.3, 221.5, -681.0
734.0, 227.8, -671.3
712.0, 173.7, -664.9
746.2, 192.7, -652.2
710.0, 226.8, -629.8
705.2, 228.3, -651.3
724.2, 286.8, -643.5
689.1, 230.3, -663.9
681.2, 237.1, -644.4
691.0, 316.1, -648.8
724.7, 342.5, -623.9
712.5, 365.9, -608.8
730.5, 347.3, -637.6
690.5, 374.7, -650.8
711.0, 386.9, -657.1
718.8, 383.0, -661.0
737.4, 394.2, -652.7
742.2, 373.2, -669.3
741.8, 436.1, -654.2
768.1, 342.9, -653.7
753.5, 352.7, -652.7
740.8, 354.7, -652.7
732.5, 364.9, -657.6
737.4, 380.0, -656.1
737.9, 395.6, -650.8
729.1, 379.0, -646.9
744.2, 370.8, -634.2
719.3, 375.1, -635.7
739.3, 287.8, -637.1
700.3, 325.4, -650.3
655.4, 315.6, -659.6
666.1, 349.3, -672.2
696.4, 310.8, -652.2
705.6, 270.3, -625.9
762.3, 213.2, -622.0
725.7, 267.3, -625.9
692.5, 261.0, -642.0
699.3, 230.7, -638.6
702.7, 209.8, -642.5
714.4, 204.9, -620.5
711.0, 171.7, -644.9
686.1, 190.7, -657.1
693.9, 244.9, -639.6
693.4, 215.1, -638.1
705.2, 163.9, -649.8
700.8, 187.8, -639.6
681.7, 229.3, -633.2
697.4, 255.6, -636.6
684.2, 249.3, -631.3
707.6, 228.3, -607.8
700.8, 222.0, -640.0
722.7, 213.2, -621.0
717.8, 177.6, -635.2
718.8, 162.0, -639.6
702.2, 171.2, -664.9
710.5, 189.3, -656.6
660.3, 105.9, -661.5
655.4, 88.8, -664.4
654.9, 102.0, -650.3
634.4, 135.1, -652.2
632.4, 129.3, -646.9
628.5, 123.9, -648.8
636.8, 134.6, -647.8
614.4, 135.1, -654.7
609.5, 133.2, -649.3
641.2, 119.0, -650.3
674.9, 128.8, -635.7
673.9, 177.1, -640.0
675.9, 167.8, -621.5
678.3, 161.5, -614.2
707.1, 224.4, -623.0
723.7, 257.6, -596.1
717.8, 237.6, -625.4
741.8, 183.9, -618.1
726.6, 317.6, -620.5
701.7, 268.8, -645.9
743.7, 198.1, -649.3
741.3, 235.1, -650.8
727.6, 235.1, -656.1
-,-,-
703.7, 278.6, -657.1
733.0, 197.6, -648.8
753.5, 182.0, -657.1
767.6, 218.6, -656.6
732.5, 274.7, -666.9
682.2, 264.9, -671.8
647.6, 368.8, -666.9
665.6, 348.3, -683.5
698.8, 321.0, -677.1
691.0, 282.0, -663.9
642.7, 370.3, -701.5
644.6, 376.6, -686.4
674.4, 313.2, -702.0
693.9, 346.4, -683.5
685.6, 350.8, -684.4
712.0, 341.0, -677.1
698.3, 351.7, -670.8
689.5, 386.4, -672.7
700.3, 355.6, -664.9
714.4, 338.1, -665.9
713.9, 314.7, -665.4
706.1, 321.5, -663.0
713.0, 311.7, -654.7
706.1, 303.9, -658.1
709.6, 298.1, -654.7
705.2, 306.4, -655.2
703.7, 314.7, -659.1
702.2, 322.5, -664.4
708.6, 358.1, -641.0
699.8, 352.2, -653.7
626.6, 439.5, -683.5
734.9, 393.7, -654.7
717.4, 377.1, -659.6
732.5, 331.2, -671.8
694.9, 269.8, -672.7
670.5, 258.1, -673.7
711.0, 306.4, -668.3
704.7, 264.4, -663.5
729.1, 231.2, -669.3
711.0, 272.7, -655.7
697.8, 309.3, -672.7
672.0, 292.7, -673.2
644.6, 271.2, -669.3
678.3, 309.8, -669.8
659.8, 313.2, -667.8
712.5, 310.8, -687.4
726.6, 255.6, -677.1
694.9, 234.6, -652.7
641.2, 255.6, -679.6
639.8, 246.8, -679.6
659.3, 200.5, -670.3
654.4, 202.5, -681.0
628.1, 171.2, -671.3
633.9, 190.3, -693.2
619.3, 157.6, -684.9
631.5, 196.1, -674.2
649.0, 183.4, -659.1
633.4, 120.0, -704.4
619.8, 100.0, -695.7
621.7, 142.4, -702.5
637.8, 132.2, -688.8
631.5, 141.5, -676.6
624.2, 149.8, -683.5
630.5, 163.4, -672.7
604.6, 188.3, -679.1
605.6, 193.2, -679.6
596.8, 194.6, -691.8
599.3, 193.2, -686.4
594.9, 187.8, -701.5
602.2, 159.5, -698.1
616.8, 141.5, -706.9
650.5, 129.3, -698.6
656.4, 100.0, -690.8
649.5, 95.6, -679.6
641.2, 103.9, -669.8
635.9, 139.5, -669.8
620.7, 202.0, -655.7
607.1, 237.1, -650.8
638.8, 272.2, -638.6
628.1, 342.9, -660.5
652.5, 371.2, -661.5
658.8, 382.5, -688.8
671.5, 356.6, -674.2
699.8, 376.1, -689.8
715.9, 319.5, -700.0
721.8, 319.5, -708.8
721.8, 293.7, -702.0
720.8, 269.8, -704.4
729.1, 253.7, -698.1
709.1, 217.6, -709.8
704.7, 219.0, -680.0
709.6, 184.4, -694.7
671.5, 173.7, -683.5
650.0, 205.9, -679.1
664.7, 205.9, -660.0
656.4, 178.5, -671.3
657.3, 227.3, -656.1
649.0, 189.3, -663.5
658.8, 242.5, -650.3
658.8, 220.0, -675.7
649.0, 282.9, -662.5
645.6, 332.7, -669.8
682.2, 276.6, -682.5
674.4, 354.7, -634.7
645.1, 332.7, -676.1
653.4, 322.9, -685.9
679.3, 270.3, -689.8
680.3, 256.1, -696.1
677.3, 337.1, -682.5
631.0, 303.4, -678.1
669.5, 357.6, -704.9
697.8, 362.0, -692.7
697.4, 365.4, -678.6
697.8, 425.9, -700.0
712.5, 454.2, -687.9
711.0, 467.8, -692.2
758.4, 375.1, -701.0
732.5, 387.8, -704.4
718.3, 355.6, -709.3
722.7, 360.5, -703.0
-,-,-
704.7, 373.2, -702.0
678.8, 336.1, -696.6
673.9, 329.3, -679.1
661.7, 353.2, -697.1
671.0, 371.7, -696.1
661.2, 323.9, -671.3
681.2, 313.2, -678.1
665.1, 322.9, -690.8
646.1, 266.4, -684.4
648.6, 237.6, -684.4
647.1, 227.3, -687.4
651.5, 231.2, -689.3
666.1, 236.1, -668.8
645.6, 217.6, -684.4
658.3, 244.4, -683.5
628.5, 285.9, -676.1
632.0, 272.2, -683.5
635.4, 224.9, -687.4
615.9, 198.5, -673.7
597.3, 203.9, -688.8
607.6, 211.2, -678.1
627.6, 176.1, -683.0
632.0, 166.4, -676.6
635.9, 168.3, -690.8
640.3, 163.9, -689.3
658.8, 156.6, -704.4
658.3, 210.7, -687.9
644.6, 234.2, -701.0
666.1, 263.9, -694.2
650.5, 279.5, -695.7
625.6, 277.1, -700.5
626.6, 283.9, -697.6
635.9, 307.8, -707.9
621.2, 311.2, -701.0
592.4, 268.3, -699.6
584.6, 268.3, -689.3
571.0, 275.6, -688.8
625.1, 184.9, -676.6
638.3, 230.3, -666.9
625.6, 259.0, -682.0
662.2, 153.2, -683.0
660.3, 8.8, -685.9
666.6, 1.5, -686.4
646.6, 67.3, -696.6
619.8, 36.1, -681.5
627.1, 78.1, -682.0
619.3, 103.9, -691.8
650.0, 138.1, -686.4
673.4, 177.6, -689.3
677.8, 211.7, -682.5
673.4, 212.2, -662.5
657.8, 229.3, -658.6
622.2, 233.2, -681.0
611.5, 259.5, -679.6
616.3, 332.7, -687.4
610.5, 221.0, -695.2
626.1, 301.0, -710.3
630.0, 287.8, -690.8
606.6, 305.4, -707.9
587.1, 275.6, -713.2
620.7, 247.3, -707.9
630.0, 282.5, -706.9
613.4, 229.3, -683.9
663.7, 189.3, -706.9
652.5, 239.5, -691.8
653.4, 281.0, -718.6
690.5, 251.7, -681.0
642.7, 306.8, -703.0
643.2, 314.7, -676.1
665.6, 272.7, -689.8
697.4, 320.0, -697.1
640.7, 332.2, -725.4